<5297,0,6299,0,1;
 5297,0,10479,0,2;
 5297,0,15201,0,3;
 5297,0,20326,0,4;
 5297,0,24898,0,4;
 5297,0,29349,0,5;
 5297,0,33304,0,6;
 5297,0,37631,0,7;
 5297,0,42428,0,8;
 5297,0,47023,0,9;
 5297,0,52571,0,10;
 5297,0,58696,0,11;
 5297,0,62776,0,12;
 5297,0,66347,0,13;
 5297,0,69260,0,13;
 5297,0,72025,0,14;
 5297,0,74323,0,14;
 5297,0,76684,0,15;
 5297,0,79403,0,15;
 5297,0,82093,0,16;
 5297,0,84579,0,16;
 5297,0,88054,0,17;
 5297,0,90206,0,18;
 5297,0,92421,0,18;
 5297,0,95127,0,19;
 5297,0,98290,0,19;
 5297,0,100941,0,20;
 5297,0,104241,0,20;
 5297,0,107720,0,21;
 5297,0,110597,0,22;
 5297,0,113442,0,22;
 5297,0,116148,0,23;
 5297,0,118615,0,23;
 5297,0,121528,0,24;
 5297,0,123837,0,24;
 5297,0,126505,0,25;
 5297,0,129204,0,25;
 5297,0,132530,0,26;
 5297,0,135398,0,27;
 5297,0,137763,0,27;
 5297,0,143169,0,28;
 5297,0,148099,0,29;
 5297,0,152557,0,30;
 5297,0,155102,1,31;
 5297,0,4770,0,0;
 5297,0,7452,0,1;
 5297,0,10156,0,2;
 5297,0,11217,0,2;
 5297,0,14507,0,2;
 5297,0,18022,0,3;
 5297,0,20570,0,4;
 5297,0,23707,0,4;
 5297,0,27378,0,5;
 5297,0,30281,0,6;
 5297,0,34047,0,6;
 5297,0,35694,0,7;
 5297,0,36648,0,7;
 5297,0,39354,0,7;
 5297,0,41726,0,8;
 5297,0,44294,0,8;
 5297,0,46158,0,9;
 5297,0,48131,0,9;
 5297,0,51245,0,10;
 5297,0,53786,0,10;
 5297,0,55941,0,11;
 5297,0,58332,0,11;
 5297,0,61072,0,12;
 5297,0,63791,0,12;
 5297,0,65991,0,13;
 5297,0,68171,0,13;
 5297,0,70850,0,14;
 5297,0,73806,0,14;
 5297,0,76695,0,15;
 5297,0,79355,0,15;
 5297,0,81410,0,16;
 5297,0,83325,0,16;
 5297,0,85164,0,17;
 5297,0,86109,0,17;
 5297,0,87608,0,17;
 5297,0,89560,0,17;
 5297,0,90893,0,18;
 5297,0,93025,0,18;
 5297,0,95246,0,19;
 5297,0,97408,0,19;
 5297,0,99072,0,19;
 5297,0,101508,0,20;
 5297,0,102981,0,20;
 5297,0,104612,0,20;
 5297,0,106730,0,21;
 5297,0,108914,0,21;
 5297,0,111486,0,22;
 5297,0,113556,0,22;
 5297,0,115833,0,23;
 5297,0,117899,0,23;
 5297,0,119000,0,23;
 5297,0,119621,0,23;
 5297,0,121510,0,24;
 5297,0,123511,0,24;
 5297,0,125254,0,25;
 5297,0,127988,0,25;
 5297,0,130724,0,26;
 5297,0,132526,0,26;
 5297,0,134840,0,26;
 5297,0,136727,0,27;
 5297,0,138259,0,27;
 5297,0,139539,0,27;
 5297,0,141715,0,28;
 5297,0,143036,0,28;
 5297,0,144557,0,28;
 5297,0,146465,0,29;
 5297,0,148396,0,29;
 5297,0,149858,0,29;
 5297,0,152093,0,30;
 5297,0,154467,0,30;
 5297,0,156453,0,31;
 5297,0,158450,0,31 ><5298,0,4372,0,0;
 5298,0,9064,0,1;
 5298,0,13846,0,2;
 5298,0,18251,0,3;
 5298,0,22725,0,4;
 5298,0,27843,0,5;
 5298,0,32508,0,6;
 5298,0,37003,0,7;
 5298,0,41817,0,8;
 5298,0,47203,0,9;
 5298,0,52571,0,10;
 5298,0,57887,0,11;
 5298,0,62468,0,12;
 5298,0,66738,0,13;
 5298,0,71023,0,14;
 5298,0,75818,0,15;
 5298,0,79929,0,15;
 5298,0,83721,0,16;
 5298,0,88008,0,17;
 5298,0,91941,0,18;
 5298,0,95928,0,19;
 5298,0,100400,0,20;
 5298,0,103883,0,20;
 5298,0,108156,0,21;
 5298,0,111865,0,22;
 5298,0,115527,0,23;
 5298,0,120400,0,24;
 5298,0,122983,0,24;
 5298,0,126507,0,25;
 5298,0,130014,0,26;
 5298,0,134470,0,26;
 5298,0,138555,0,27;
 5298,0,142429,0,28;
 5298,0,145344,0,29;
 5298,0,148837,0,29;
 5298,0,152791,0,30;
 5298,0,156433,0,31;
 5298,0,160350,0,32;
 5298,0,163496,0,32;
 5298,0,167134,0,33;
 5298,0,170815,0,34;
 5298,0,174119,0,34;
 5298,0,177999,0,35;
 5298,0,180693,0,36;
 5298,0,182668,0,36;
 5298,0,184031,0,36;
 5298,0,185010,0,37;
 5298,0,185112,0,37;
 5298,0,186981,0,37;
 5298,0,188971,0,37;
 5298,0,191450,0,38;
 5298,0,194235,0,38;
 5298,0,197006,0,39;
 5298,0,201347,0,40;
 5298,0,203901,0,40;
 5298,0,205697,0,41;
 5298,0,205697,0,41;
 5298,0,207358,0,41;
 5298,0,208989,0,41;
 5298,0,210737,0,42;
 5298,0,212592,0,42;
 5298,0,214228,0,42;
 5298,0,216888,0,43;
 5298,0,219800,0,43;
 5298,0,222252,0,44;
 5298,0,224753,0,44;
 5298,0,227475,0,45;
 5298,0,230163,0,46;
 5298,0,231903,0,46;
 5298,0,234135,0,46;
 5298,0,236619,0,47;
 5298,0,238939,0,47;
 5298,0,241522,0,48;
 5298,0,243698,0,48;
 5298,0,246250,0,49;
 5298,0,248907,0,49;
 5298,0,251637,0,50;
 5298,0,252955,0,50;
 5298,0,255869,0,51;
 5298,0,258059,0,51;
 5298,0,260787,0,52;
 5298,0,262065,0,52;
 5298,0,263504,0,52;
 5298,0,265436,0,53;
 5298,0,267143,0,53;
 5298,0,268085,0,53;
 5298,0,270310,0,54;
 5298,0,271850,0,54;
 5298,0,273870,0,54;
 5298,0,275345,0,55;
 5298,0,277605,0,55;
 5298,0,280091,0,56;
 5298,0,281659,0,56;
 5298,0,284185,0,56;
 5298,0,286672,0,57;
 5298,0,288640,0,57;
 5298,0,290485,0,58;
 5298,0,292192,0,58;
 5298,0,293846,0,58;
 5298,0,296824,0,59;
 5298,0,297580,0,59;
 5298,0,298992,0,59;
 5298,0,300619,0,60;
 5298,0,302519,0,60;
 5298,0,304096,0,60;
 5298,0,306799,0,61;
 5298,0,308882,0,61;
 5298,0,310369,0,62;
 5298,0,312719,0,62;
 5298,0,315040,0,63;
 5298,0,316984,0,63;
 5298,0,319330,0,63;
 5298,0,320645,0,64;
 5298,0,322814,0,64;
 5298,0,324812,0,64;
 5298,0,326724,0,65 ><5299,0,8016,0,1;
 5299,0,12892,0,2;
 5299,0,18412,0,3;
 5299,0,23993,0,4;
 5299,0,29378,0,5;
 5299,0,33604,0,6;
 5299,0,39581,0,7;
 5299,0,44432,0,8;
 5299,0,49761,0,9;
 5299,0,54512,0,10;
 5299,0,60814,0,12;
 5299,0,67007,0,13;
 5299,0,71339,0,14;
 5299,0,76195,0,15;
 5299,0,79982,0,15;
 5299,0,84298,0,16;
 5299,0,89044,0,17;
 5299,0,92851,0,18;
 5299,0,96988,0,19;
 5299,0,100540,0,20;
 5299,0,104535,0,20;
 5299,0,108581,0,21;
 5299,0,112893,0,22;
 5299,0,116904,0,23;
 5299,0,121740,0,24;
 5299,0,125534,0,25;
 5299,0,130463,0,26;
 5299,0,136755,0,27;
 5299,0,142556,0,28;
 5299,0,147314,0,29;
 5299,0,153255,0,30;
 5299,0,158543,0,31;
 5299,0,164203,0,32;
 5299,0,168695,0,33;
 5299,0,173423,0,34;
 5299,0,178899,0,35;
 5299,0,181499,0,36;
 5299,0,184455,0,36;
 5299,0,188193,0,37;
 5299,0,191705,0,38;
 5299,0,195056,0,39;
 5299,0,197357,0,39;
 5299,0,200814,0,40;
 5299,0,203273,0,40;
 5299,0,206259,0,41;
 5299,0,208342,0,41;
 5299,0,209200,0,41;
 5299,0,209200,0,41;
 5299,0,211095,1,42;
 5299,0,4431,0,0;
 5299,0,7005,0,1;
 5299,0,10476,0,2;
 5299,0,13585,0,2;
 5299,0,16175,0,3;
 5299,0,19493,0,3;
 5299,0,21642,0,4;
 5299,0,23364,0,4;
 5299,0,24173,0,4;
 5299,0,26527,0,5;
 5299,0,29018,0,5;
 5299,0,31415,0,6;
 5299,0,33762,0,6;
 5299,0,36849,0,7;
 5299,0,39450,0,7;
 5299,0,41478,0,8;
 5299,0,43578,0,8;
 5299,0,46060,0,9;
 5299,0,46879,0,9;
 5299,0,46879,0,9;
 5299,0,46879,0,9;
 5299,0,47515,0,9;
 5299,0,49892,0,9;
 5299,0,51774,0,10;
 5299,0,53310,0,10;
 5299,0,55927,0,11;
 5299,0,58624,0,11;
 5299,0,61029,0,12;
 5299,0,62439,0,12;
 5299,0,64904,0,12;
 5299,0,67447,0,13;
 5299,0,69928,0,13;
 5299,0,71839,0,14;
 5299,0,74269,0,14;
 5299,0,76133,0,15;
 5299,0,78429,0,15;
 5299,0,80361,0,16;
 5299,0,82730,0,16;
 5299,0,84188,0,16;
 5299,0,86664,0,17;
 5299,0,88995,0,17;
 5299,0,91533,0,18;
 5299,0,94123,0,18;
 5299,0,95911,0,19;
 5299,0,98496,0,19;
 5299,0,100897,0,20;
 5299,0,102991,0,20;
 5299,0,105482,0,21;
 5299,0,107623,0,21;
 5299,0,109722,0,21;
 5299,0,111036,0,22;
 5299,0,111036,0,22;
 5299,0,111063,0,22;
 5299,0,111063,0,22;
 5299,0,112474,0,22;
 5299,0,114350,0,22;
 5299,0,117577,0,23;
 5299,0,119789,0,23;
 5299,0,122358,0,24;
 5299,0,124500,0,24;
 5299,0,126422,0,25;
 5299,0,128500,0,25;
 5299,0,130890,0,26;
 5299,0,132830,0,26;
 5299,0,134513,0,26;
 5299,0,136302,0,27;
 5299,0,137898,0,27 ><5300,0,5916,0,1;
 5300,0,10924,0,2;
 5300,0,15369,0,3;
 5300,0,21457,0,4;
 5300,0,26568,0,5;
 5300,0,29790,0,5;
 5300,0,35774,0,7;
 5300,0,41134,0,8;
 5300,0,46535,0,9;
 5300,0,51614,0,10;
 5300,0,55387,0,11;
 5300,0,59683,0,11;
 5300,0,64573,0,12;
 5300,0,68913,0,13;
 5300,0,72249,0,14;
 5300,0,76424,0,15;
 5300,0,79567,0,15;
 5300,0,83337,0,16;
 5300,0,87297,0,17;
 5300,0,90624,0,18;
 5300,0,93889,0,18;
 5300,0,98082,0,19;
 5300,0,102638,0,20;
 5300,0,106713,0,21;
 5300,0,111076,0,22;
 5300,0,116166,0,23;
 5300,0,120324,0,24;
 5300,0,124412,0,24;
 5300,0,129308,0,25;
 5300,0,133632,0,26;
 5300,0,137936,0,27;
 5300,0,142777,0,28;
 5300,0,147696,0,29;
 5300,0,152119,0,30;
 5300,0,156632,0,31;
 5300,0,161910,0,32;
 5300,0,165955,0,33;
 5300,0,170206,0,34;
 5300,0,173917,0,34;
 5300,0,177528,0,35;
 5300,0,181342,0,36;
 5300,0,185017,0,37;
 5300,0,189173,0,37;
 5300,0,191555,0,38;
 5300,0,193663,0,38;
 5300,0,194819,0,38;
 5300,0,196256,0,39;
 5300,0,198872,0,39;
 5300,0,200768,0,40;
 5300,0,200768,0,40;
 5300,0,200768,0,40;
 5300,0,201290,0,40;
 5300,0,204624,0,40;
 5300,0,207765,0,41;
 5300,0,211395,0,42;
 5300,0,213103,0,42;
 5300,0,213967,0,42;
 5300,0,216947,0,43;
 5300,0,219181,0,43;
 5300,0,222236,0,44;
 5300,0,224514,1,44;
 5300,0,12804,0,2;
 5300,0,15311,0,3;
 5300,0,18347,0,3;
 5300,0,21269,0,4;
 5300,0,26243,0,5;
 5300,0,29254,0,5;
 5300,0,33078,0,6;
 5300,0,35510,0,7;
 5300,0,37705,0,7;
 5300,0,41155,0,8;
 5300,0,45512,0,9;
 5300,0,49436,0,9;
 5300,0,52011,0,10;
 5300,0,53844,0,10;
 5300,0,56296,0,11;
 5300,0,59236,0,11;
 5300,0,61820,0,12;
 5300,0,66454,0,13;
 5300,0,69811,0,13;
 5300,0,72779,0,14;
 5300,0,76326,0,15;
 5300,0,79211,0,15;
 5300,0,82193,0,16;
 5300,0,84079,0,16;
 5300,0,86664,0,17;
 5300,0,90155,0,18;
 5300,0,91777,0,18;
 5300,0,93653,0,18;
 5300,0,96416,0,19;
 5300,0,98426,0,19;
 5300,0,100864,0,20;
 5300,0,102516,0,20;
 5300,0,104357,0,20;
 5300,0,106746,0,21;
 5300,0,108643,0,21;
 5300,0,110224,0,22;
 5300,0,111630,0,22;
 5300,0,113447,0,22;
 5300,0,115061,0,23;
 5300,0,117448,0,23;
 5300,0,119657,0,23;
 5300,0,122126,0,24;
 5300,0,124265,0,24;
 5300,0,125817,0,25;
 5300,0,128933,0,25;
 5300,0,130888,0,26;
 5300,0,133561,0,26;
 5300,0,135557,0,27;
 5300,0,137565,0,27;
 5300,0,139530,0,27;
 5300,0,142341,0,28;
 5300,0,144570,0,28;
 5300,0,146394,0,29;
 5300,0,148184,0,29;
 5300,0,150448,0,30 ><5301,0,4314,0,0;
 5301,0,7665,0,1;
 5301,0,11590,0,2;
 5301,0,15095,0,3;
 5301,0,18735,0,3;
 5301,0,22240,0,4;
 5301,0,25886,0,5;
 5301,0,29658,0,5;
 5301,0,34096,0,6;
 5301,0,38604,0,7;
 5301,0,44663,0,8;
 5301,0,50579,0,10;
 5301,0,53420,0,10;
 5301,0,58981,0,11;
 5301,0,64007,0,12;
 5301,0,69358,0,13;
 5301,0,74329,0,14;
 5301,0,78810,0,15;
 5301,0,82432,0,16;
 5301,0,87401,0,17;
 5301,0,92433,0,18;
 5301,0,97773,0,19;
 5301,0,103154,0,20;
 5301,0,108590,0,21;
 5301,0,112111,0,22;
 5301,0,116216,0,23;
 5301,0,120369,0,24;
 5301,0,124088,0,24;
 5301,0,127978,0,25;
 5301,0,131339,0,26;
 5301,0,135639,0,27;
 5301,0,139467,0,27;
 5301,0,144219,0,28;
 5301,0,148901,0,29;
 5301,0,152561,0,30;
 5301,0,157211,0,31;
 5301,0,161091,0,32;
 5301,0,165641,0,33;
 5301,0,168526,0,33;
 5301,0,173197,1,34;
 5301,0,8580,0,1;
 5301,0,12121,0,2;
 5301,0,16989,0,3;
 5301,0,19541,0,3;
 5301,0,22230,0,4;
 5301,0,23206,0,4;
 5301,0,25459,0,5;
 5301,0,27771,0,5;
 5301,0,30202,0,6;
 5301,0,31885,0,6;
 5301,0,36141,0,7;
 5301,0,40306,0,8;
 5301,0,44653,0,8;
 5301,0,49058,0,9;
 5301,0,53048,0,10;
 5301,0,55103,0,11;
 5301,0,56045,0,11;
 5301,0,59046,0,11;
 5301,0,61976,0,12;
 5301,0,65177,0,13;
 5301,0,67303,0,13;
 5301,0,69102,0,13;
 5301,0,70769,0,14;
 5301,0,72770,0,14;
 5301,0,75201,0,15;
 5301,0,77980,0,15;
 5301,0,80099,0,16;
 5301,0,82147,0,16;
 5301,0,84250,0,16;
 5301,0,86925,0,17;
 5301,0,88922,0,17;
 5301,0,88922,0,17;
 5301,0,88926,0,17;
 5301,0,88926,0,17;
 5301,0,90720,0,18;
 5301,0,92347,0,18;
 5301,0,95252,0,19;
 5301,0,96777,0,19;
 5301,0,100152,0,20;
 5301,0,102650,0,20;
 5301,0,105464,0,21;
 5301,0,109201,0,21;
 5301,0,111898,0,22;
 5301,0,115167,0,23;
 5301,0,117282,0,23;
 5301,0,120004,0,24;
 5301,0,122392,0,24;
 5301,0,124032,0,24;
 5301,0,126370,0,25;
 5301,0,128419,0,25;
 5301,0,130048,0,26;
 5301,0,132254,0,26;
 5301,0,134431,0,26;
 5301,0,137084,0,27;
 5301,0,140716,0,28;
 5301,0,144268,0,28;
 5301,0,146500,0,29;
 5301,0,148163,0,29;
 5301,0,149325,0,29;
 5301,0,152006,0,30;
 5301,0,154828,0,30;
 5301,0,156926,0,31;
 5301,0,159044,0,31;
 5301,0,160701,0,32;
 5301,0,162745,0,32;
 5301,0,165023,0,33;
 5301,0,166630,0,33;
 5301,0,169005,0,33;
 5301,0,171245,0,34;
 5301,0,173234,0,34;
 5301,0,174745,0,34;
 5301,0,176891,0,35;
 5301,0,178598,0,35;
 5301,0,180463,0,36;
 5301,0,182806,0,36;
 5301,0,184504,0,36 ><5302,0,7086,0,1;
 5302,0,11997,0,2;
 5302,0,16741,0,3;
 5302,0,21575,0,4;
 5302,0,26537,0,5;
 5302,0,31036,0,6;
 5302,0,36239,0,7;
 5302,0,41101,0,8;
 5302,0,45691,0,9;
 5302,0,51400,0,10;
 5302,0,56715,0,11;
 5302,0,61330,0,12;
 5302,0,65323,0,13;
 5302,0,69707,0,13;
 5302,0,72720,0,14;
 5302,0,77145,0,15;
 5302,0,81364,0,16;
 5302,0,84473,0,16;
 5302,0,88591,0,17;
 5302,0,93301,0,18;
 5302,0,97651,0,19;
 5302,0,101812,0,20;
 5302,0,107437,0,21;
 5302,0,111343,0,22;
 5302,0,114719,0,22;
 5302,0,119302,0,23;
 5302,0,122412,0,24;
 5302,0,123481,0,24;
 5302,0,127479,0,25;
 5302,0,128886,1,25;
 5302,0,5033,0,1;
 5302,0,9501,0,1;
 5302,0,13879,0,2;
 5302,0,18079,0,3;
 5302,0,22331,0,4;
 5302,0,25857,0,5;
 5302,0,30149,0,6;
 5302,0,34909,0,6;
 5302,0,38617,0,7;
 5302,0,42590,0,8;
 5302,0,47028,0,9;
 5302,0,50974,0,10;
 5302,0,55973,0,11;
 5302,0,60913,0,12;
 5302,0,62292,0,12;
 5302,0,63322,0,12;
 5302,0,64265,0,12;
 5302,0,65354,0,13;
 5302,0,69584,0,13;
 5302,0,74817,0,14;
 5302,0,79509,0,15;
 5302,0,84180,0,16;
 5302,0,88654,0,17;
 5302,0,92022,0,18;
 5302,0,95402,0,19;
 5302,0,98638,0,19;
 5302,0,100013,0,20;
 5302,0,102221,0,20;
 5302,0,105815,0,21;
 5302,0,109288,0,21;
 5302,0,111826,0,22;
 5302,0,114793,0,22;
 5302,0,116734,0,23;
 5302,0,120251,0,24;
 5302,0,122905,0,24;
 5302,0,123849,0,24;
 5302,0,124840,0,24;
 5302,0,127861,0,25;
 5302,0,131376,0,26;
 5302,0,134157,0,26;
 5302,0,136702,0,27;
 5302,0,139491,0,27;
 5302,0,141819,0,28;
 5302,0,143653,0,28;
 5302,0,144671,0,28;
 5302,0,146876,0,29;
 5302,0,149530,0,29;
 5302,0,150361,0,30;
 5302,0,152040,0,30;
 5302,0,154638,0,30;
 5302,0,157012,0,31;
 5302,0,158506,0,31;
 5302,0,160804,0,32;
 5302,0,163363,0,32;
 5302,0,165669,0,33;
 5302,0,167959,0,33;
 5302,0,171100,0,34;
 5302,0,172460,0,34;
 5302,0,173656,0,34;
 5302,0,175044,0,35;
 5302,0,177171,0,35;
 5302,0,179294,0,35;
 5302,0,180573,0,36;
 5302,0,181646,0,36;
 5302,0,185809,0,37;
 5302,0,188251,0,37;
 5302,0,189959,0,37;
 5302,0,191825,0,38;
 5302,0,193620,0,38;
 5302,0,195845,0,39;
 5302,0,197299,0,39;
 5302,0,198431,0,39;
 5302,0,200298,0,40;
 5302,0,201805,0,40;
 5302,0,204514,0,40;
 5302,0,207009,0,41;
 5302,0,208845,0,41;
 5302,0,210273,0,42;
 5302,0,212256,0,42;
 5302,0,214149,0,42;
 5302,0,215173,0,43;
 5302,0,216474,0,43;
 5302,0,218395,0,43;
 5302,0,220116,0,44;
 5302,0,222412,0,44;
 5302,0,224045,0,44 ><5303,0,7110,0,1;
 5303,0,12380,0,2;
 5303,0,18002,0,3;
 5303,0,23211,0,4;
 5303,0,29290,0,5;
 5303,0,33696,0,6;
 5303,0,39938,0,7;
 5303,0,46165,0,9;
 5303,0,52225,0,10;
 5303,0,57879,0,11;
 5303,0,62742,0,12;
 5303,0,68192,0,13;
 5303,0,72749,0,14;
 5303,0,77230,0,15;
 5303,0,81541,0,16;
 5303,0,86337,0,17;
 5303,0,90309,0,18;
 5303,0,93702,0,18;
 5303,0,98666,0,19;
 5303,0,102923,0,20;
 5303,0,107792,0,21;
 5303,0,113097,0,22;
 5303,0,117971,0,23;
 5303,0,122897,0,24;
 5303,0,127544,0,25;
 5303,0,132355,0,26;
 5303,0,137244,0,27;
 5303,0,143151,0,28;
 5303,0,147872,0,29;
 5303,0,153719,0,30;
 5303,0,160378,0,32;
 5303,0,165532,0,33;
 5303,0,170733,0,34;
 5303,0,176315,0,35;
 5303,0,180381,0,36;
 5303,0,185273,0,37;
 5303,0,190369,0,38;
 5303,0,194780,0,38;
 5303,0,199442,0,39;
 5303,0,204645,0,40;
 5303,0,207885,0,41;
 5303,0,207885,0,41;
 5303,0,211740,0,42;
 5303,0,215939,0,43;
 5303,0,216717,0,43;
 5303,0,218128,0,43;
 5303,0,218153,0,43;
 5303,0,218456,0,43;
 5303,0,221974,0,44;
 5303,0,227710,0,45;
 5303,0,231596,0,46;
 5303,0,235699,0,47;
 5303,0,239344,0,47;
 5303,0,242799,0,48;
 5303,0,246131,0,49;
 5303,0,249213,0,49;
 5303,0,250740,0,50;
 5303,0,253408,0,50;
 5303,0,255337,0,51;
 5303,0,258662,0,51;
 5303,0,260377,0,52;
 5303,0,263316,0,52;
 5303,0,266018,0,53;
 5303,0,268847,0,53;
 5303,0,271704,0,54;
 5303,0,273871,0,54;
 5303,0,276322,0,55;
 5303,0,279332,0,55;
 5303,0,280871,0,56;
 5303,0,282963,0,56;
 5303,0,283494,0,56;
 5303,0,283494,0,56;
 5303,0,285510,0,57;
 5303,0,287625,0,57;
 5303,0,290888,0,58;
 5303,0,293337,1,58;
 5303,0,10998,0,2;
 5303,0,12809,0,2;
 5303,0,16482,0,3;
 5303,0,19502,0,3;
 5303,0,22442,0,4;
 5303,0,25011,0,5;
 5303,0,26882,0,5;
 5303,0,29567,0,5;
 5303,0,32072,0,6;
 5303,0,34829,0,6;
 5303,0,36436,0,7;
 5303,0,38247,0,7;
 5303,0,40218,0,8;
 5303,0,42608,0,8;
 5303,0,45498,0,9;
 5303,0,47813,0,9;
 5303,0,49519,0,9;
 5303,0,52233,0,10;
 5303,0,55007,0,11;
 5303,0,56344,0,11;
 5303,0,59085,0,11;
 5303,0,61291,0,12;
 5303,0,62965,0,12;
 5303,0,65157,0,13;
 5303,0,66634,0,13;
 5303,0,68510,0,13;
 5303,0,70785,0,14;
 5303,0,72614,0,14;
 5303,0,74771,0,14;
 5303,0,78460,0,15;
 5303,0,81622,0,16;
 5303,0,82672,0,16;
 5303,0,83251,0,16;
 5303,0,85887,0,17;
 5303,0,87897,0,17;
 5303,0,89922,0,17;
 5303,0,92510,0,18;
 5303,0,94339,0,18;
 5303,0,96254,0,19;
 5303,0,98661,0,19 ><5304,0,6807,0,1;
 5304,0,12693,0,2;
 5304,0,18325,0,3;
 5304,0,24463,0,4;
 5304,0,30362,0,6;
 5304,0,35816,0,7;
 5304,0,41014,0,8;
 5304,0,47947,0,9;
 5304,0,53176,0,10;
 5304,0,59350,0,11;
 5304,0,64617,0,12;
 5304,0,69681,0,13;
 5304,0,74906,0,14;
 5304,0,77965,0,15;
 5304,0,81318,0,16;
 5304,0,85770,0,17;
 5304,0,88678,0,17;
 5304,0,90345,0,18;
 5304,0,94872,0,18;
 5304,0,98755,0,19;
 5304,0,102865,0,20;
 5304,0,106721,0,21;
 5304,0,110892,0,22;
 5304,0,115407,0,23;
 5304,0,119106,0,23;
 5304,0,124480,0,24;
 5304,0,128471,0,25;
 5304,0,132896,0,26;
 5304,0,137740,0,27;
 5304,0,142490,0,28;
 5304,0,147058,0,29;
 5304,0,152577,0,30;
 5304,0,156911,0,31;
 5304,0,161519,0,32;
 5304,0,166023,0,33;
 5304,0,170828,0,34;
 5304,0,175101,0,35;
 5304,0,180121,0,36;
 5304,0,184908,0,36;
 5304,0,189461,0,37;
 5304,0,194058,0,38;
 5304,0,198057,0,39;
 5304,0,202055,0,40;
 5304,0,204757,0,40;
 5304,0,207612,0,41;
 5304,0,209909,0,41;
 5304,0,211963,0,42;
 5304,0,215088,0,43;
 5304,0,217801,0,43;
 5304,0,220396,0,44;
 5304,0,222666,0,44;
 5304,0,226685,0,45;
 5304,0,229604,0,45;
 5304,0,233155,0,46;
 5304,0,235506,0,47;
 5304,0,237108,0,47;
 5304,0,238487,0,47;
 5304,0,240958,0,48;
 5304,0,243977,0,48;
 5304,0,246822,0,49;
 5304,0,249131,0,49;
 5304,0,251536,0,50;
 5304,0,253710,0,50;
 5304,0,256023,0,51;
 5304,0,258176,0,51;
 5304,0,261499,0,52;
 5304,0,264645,0,52;
 5304,0,268482,0,53;
 5304,0,271241,0,54;
 5304,0,273547,0,54;
 5304,0,276208,0,55;
 5304,0,279165,0,55;
 5304,0,281656,0,56;
 5304,0,284531,0,56;
 5304,0,289491,0,57;
 5304,0,290965,0,58;
 5304,0,295512,0,59;
 5304,0,298355,1,59;
 5304,0,11733,0,2;
 5304,0,15389,0,3;
 5304,0,18947,0,3;
 5304,0,22265,0,4;
 5304,0,26007,0,5;
 5304,0,29051,0,5;
 5304,0,31772,0,6;
 5304,0,33433,0,6;
 5304,0,36368,0,7;
 5304,0,38023,0,7;
 5304,0,39840,0,7;
 5304,0,41975,0,8;
 5304,0,43886,0,8;
 5304,0,45388,0,9;
 5304,0,47201,0,9;
 5304,0,49519,0,9;
 5304,0,52807,0,10;
 5304,0,55686,0,11;
 5304,0,57915,0,11;
 5304,0,59074,0,11;
 5304,0,60663,0,12;
 5304,0,63168,0,12;
 5304,0,67559,0,13;
 5304,0,69217,0,13;
 5304,0,71223,0,14;
 5304,0,72409,0,14;
 5304,0,74484,0,14;
 5304,0,77671,0,15;
 5304,0,79178,0,15;
 5304,0,81016,0,16;
 5304,0,82620,0,16;
 5304,0,84811,0,16;
 5304,0,86954,0,17;
 5304,0,89104,0,17;
 5304,0,90907,0,18;
 5304,0,92664,0,18;
 5304,0,94550,0,18;
 5304,0,96287,0,19 ><5305,0,8938,0,1;
 5305,0,13106,0,2;
 5305,0,18056,0,3;
 5305,0,23419,0,4;
 5305,0,28431,0,5;
 5305,0,31299,0,6;
 5305,0,35441,0,7;
 5305,0,40007,0,8;
 5305,0,44504,0,8;
 5305,0,50090,0,10;
 5305,0,54365,0,10;
 5305,0,58832,0,11;
 5305,0,62805,0,12;
 5305,0,67552,0,13;
 5305,0,72197,0,14;
 5305,0,77459,0,15;
 5305,0,82572,0,16;
 5305,0,88021,0,17;
 5305,0,94172,0,18;
 5305,0,99717,0,19;
 5305,0,105906,0,21;
 5305,0,111463,0,22;
 5305,0,117672,0,23;
 5305,0,121640,0,24;
 5305,0,127153,0,25;
 5305,0,132397,0,26;
 5305,0,137201,0,27;
 5305,0,143104,0,28;
 5305,0,148645,0,29;
 5305,0,153626,0,30;
 5305,0,159739,0,31;
 5305,0,165473,0,33;
 5305,0,170121,0,34;
 5305,0,175895,0,35;
 5305,0,181428,0,36;
 5305,0,187363,0,37;
 5305,0,192790,0,38;
 5305,0,199123,0,39;
 5305,0,205713,0,41;
 5305,0,212127,0,42;
 5305,0,218505,0,43;
 5305,0,223371,0,44;
 5305,0,229076,0,45;
 5305,0,232224,0,46;
 5305,0,236052,0,47;
 5305,0,240007,0,48;
 5305,0,240586,0,48;
 5305,0,240872,0,48;
 5305,0,244718,0,48;
 5305,0,250776,0,50;
 5305,0,256217,0,51;
 5305,0,260349,0,52;
 5305,0,264320,0,52;
 5305,0,269827,0,53;
 5305,0,275328,0,55;
 5305,0,278577,0,55;
 5305,0,280681,0,56;
 5305,0,283672,0,56;
 5305,0,287326,0,57;
 5305,0,291902,0,58;
 5305,0,294507,0,58;
 5305,0,297580,0,59;
 5305,0,300099,0,60;
 5305,0,303091,0,60;
 5305,0,307010,0,61;
 5305,0,309716,0,61;
 5305,0,313804,0,62;
 5305,0,318602,0,63;
 5305,0,322685,0,64;
 5305,0,326848,0,65;
 5305,0,330953,0,66;
 5305,0,334788,0,66;
 5305,0,337581,0,67;
 5305,0,340531,0,68;
 5305,0,342822,0,68;
 5305,0,344922,0,68;
 5305,0,348509,0,69;
 5305,0,351010,0,70;
 5305,0,353946,0,70;
 5305,0,356765,0,71;
 5305,0,360583,0,72;
 5305,0,364489,0,72;
 5305,0,367351,0,73;
 5305,0,369816,0,73;
 5305,0,372280,0,74;
 5305,0,374383,0,74;
 5305,0,377195,0,75;
 5305,0,378921,0,75;
 5305,0,380812,0,76;
 5305,0,382389,0,76;
 5305,0,385135,0,77;
 5305,0,387282,0,77;
 5305,0,388254,0,77;
 5305,0,389300,0,77;
 5305,0,392881,1,78;
 5305,0,9128,0,1;
 5305,0,10846,0,2;
 5305,0,11948,0,2;
 5305,0,13214,0,2;
 5305,0,15025,0,3;
 5305,0,16709,0,3;
 5305,0,17687,0,3;
 5305,0,20719,0,4;
 5305,0,22323,0,4;
 5305,0,24512,0,4;
 5305,0,27372,0,5;
 5305,0,29342,0,5;
 5305,0,32139,0,6;
 5305,0,34173,0,6;
 5305,0,35875,0,7;
 5305,0,37088,0,7;
 5305,0,38809,0,7;
 5305,0,40298,0,8;
 5305,0,41411,0,8;
 5305,0,43423,0,8;
 5305,0,45252,0,9 ><5306,0,3146,0,0;
 5306,0,13075,0,2;
 5306,0,18494,0,3;
 5306,0,23495,0,4;
 5306,0,29148,0,5;
 5306,0,34080,0,6;
 5306,0,40138,0,8;
 5306,0,45888,0,9;
 5306,0,50398,0,10;
 5306,0,55350,0,11;
 5306,0,60494,0,12;
 5306,0,65011,0,13;
 5306,0,70746,0,14;
 5306,0,75980,0,15;
 5306,0,82196,0,16;
 5306,0,88723,0,17;
 5306,0,94738,0,18;
 5306,0,100932,0,20;
 5306,0,107541,0,21;
 5306,0,113070,0,22;
 5306,0,119254,0,23;
 5306,0,125543,0,25;
 5306,0,129679,0,25;
 5306,0,135353,0,27;
 5306,0,139440,0,27;
 5306,0,143031,0,28;
 5306,0,147377,0,29;
 5306,0,151335,0,30;
 5306,0,156384,0,31;
 5306,0,160841,0,32;
 5306,0,165661,0,33;
 5306,0,169353,0,33;
 5306,0,174133,0,34;
 5306,0,178827,0,35;
 5306,0,184144,0,36;
 5306,0,188199,0,37;
 5306,0,194167,0,38;
 5306,0,198986,0,39;
 5306,0,203166,0,40;
 5306,0,209209,0,41;
 5306,0,214029,0,42;
 5306,0,219420,0,43;
 5306,0,225913,0,45;
 5306,0,230105,0,46;
 5306,0,233929,0,46;
 5306,0,235339,0,47;
 5306,0,235339,1,47;
 5306,0,3391,0,0;
 5306,0,7399,0,1;
 5306,0,12311,0,2;
 5306,0,16466,0,3;
 5306,0,19728,0,3;
 5306,0,24903,0,4;
 5306,0,29152,0,5;
 5306,0,34768,0,6;
 5306,0,38443,0,7;
 5306,0,39712,0,7;
 5306,0,43384,0,8;
 5306,0,47150,0,9;
 5306,0,51501,0,10;
 5306,0,52351,0,10;
 5306,0,62973,0,12;
 5306,0,67087,0,13;
 5306,0,71390,0,14;
 5306,0,76081,0,15;
 5306,0,80581,0,16;
 5306,0,83324,0,16;
 5306,0,87306,0,17;
 5306,0,91627,0,18;
 5306,0,94584,0,18;
 5306,0,97146,0,19;
 5306,0,101199,0,20;
 5306,0,105066,0,21;
 5306,0,109858,0,21;
 5306,0,114666,0,22;
 5306,0,117114,0,23;
 5306,0,117869,0,23;
 5306,0,120143,0,24;
 5306,0,125450,0,25;
 5306,0,128740,0,25;
 5306,0,133612,0,26;
 5306,0,138245,0,27;
 5306,0,141649,0,28;
 5306,0,144103,0,28;
 5306,0,146330,0,29;
 5306,0,148649,0,29;
 5306,0,150411,0,30;
 5306,0,152888,0,30;
 5306,0,154858,0,30;
 5306,0,156994,0,31;
 5306,0,158611,0,31;
 5306,0,160449,0,32;
 5306,0,161497,0,32;
 5306,0,164527,0,32;
 5306,0,167125,0,33;
 5306,0,170228,0,34;
 5306,0,172116,0,34;
 5306,0,173574,0,34;
 5306,0,175189,0,35;
 5306,0,176713,0,35;
 5306,0,180975,0,36;
 5306,0,184355,0,36;
 5306,0,185415,0,37;
 5306,0,185423,0,37;
 5306,0,185869,0,37;
 5306,0,188997,0,37;
 5306,0,190847,0,38;
 5306,0,193893,0,38;
 5306,0,195117,0,39;
 5306,0,197461,0,39;
 5306,0,199310,0,39;
 5306,0,200628,0,40;
 5306,0,202387,0,40;
 5306,0,204285,0,40;
 5306,0,206913,0,41;
 5306,0,208640,0,41 ><5307,0,916,0,0;
 5307,0,10748,0,2;
 5307,0,15909,0,3;
 5307,0,22365,0,4;
 5307,0,27533,0,5;
 5307,0,32306,0,6;
 5307,0,37543,0,7;
 5307,0,43245,0,8;
 5307,0,48650,0,9;
 5307,0,53953,0,10;
 5307,0,58807,0,11;
 5307,0,64183,0,12;
 5307,0,68293,0,13;
 5307,0,73107,0,14;
 5307,0,76951,0,15;
 5307,0,80710,0,16;
 5307,0,84647,0,16;
 5307,0,87872,0,17;
 5307,0,92231,0,18;
 5307,0,96005,0,19;
 5307,0,99621,0,19;
 5307,0,104653,0,20;
 5307,0,108879,0,21;
 5307,0,113006,0,22;
 5307,0,117662,0,23;
 5307,0,121345,0,24;
 5307,0,126214,0,25;
 5307,0,129866,0,25;
 5307,0,132424,0,26;
 5307,0,135716,0,27;
 5307,0,139664,0,27;
 5307,0,143361,0,28;
 5307,0,147410,0,29;
 5307,0,150905,0,30;
 5307,0,155258,0,31;
 5307,0,159116,0,31;
 5307,0,162475,0,32;
 5307,0,166239,0,33;
 5307,0,170603,0,34;
 5307,0,174306,0,34;
 5307,0,178181,0,35;
 5307,0,181814,0,36;
 5307,0,185515,0,37;
 5307,0,188514,0,37;
 5307,0,192092,0,38;
 5307,0,194370,0,38;
 5307,0,194860,0,38;
 5307,0,195713,0,39;
 5307,0,198569,0,39;
 5307,0,205147,0,41;
 5307,0,208595,0,41;
 5307,0,213129,0,42;
 5307,0,216953,0,43;
 5307,0,220389,0,44;
 5307,0,224189,0,44;
 5307,0,227470,0,45;
 5307,0,227872,0,45;
 5307,0,230144,0,46;
 5307,0,233523,0,46;
 5307,0,236435,0,47;
 5307,0,238410,0,47;
 5307,0,241677,0,48;
 5307,0,244950,0,48;
 5307,0,247460,0,49;
 5307,0,251191,0,50;
 5307,0,253545,0,50;
 5307,0,256827,0,51;
 5307,0,260281,1,52;
 5307,0,11896,0,2;
 5307,0,15471,0,3;
 5307,0,17560,0,3;
 5307,0,20506,0,4;
 5307,0,22606,0,4;
 5307,0,25585,0,5;
 5307,0,27061,0,5;
 5307,0,29497,0,5;
 5307,0,32483,0,6;
 5307,0,34159,0,6;
 5307,0,37312,0,7;
 5307,0,40526,0,8;
 5307,0,44148,0,8;
 5307,0,47100,0,9;
 5307,0,49532,0,9;
 5307,0,52545,0,10;
 5307,0,55153,0,11;
 5307,0,57429,0,11;
 5307,0,61092,0,12;
 5307,0,62995,0,12;
 5307,0,65658,0,13;
 5307,0,67499,0,13;
 5307,0,69653,0,13;
 5307,0,71739,0,14;
 5307,0,73556,0,14;
 5307,0,75432,0,15;
 5307,0,77212,0,15;
 5307,0,77442,0,15;
 5307,0,78171,0,15;
 5307,0,80271,0,16;
 5307,0,82025,0,16;
 5307,0,84264,0,16;
 5307,0,86842,0,17;
 5307,0,88515,0,17;
 5307,0,91885,0,18;
 5307,0,93966,0,18;
 5307,0,95986,0,19;
 5307,0,97893,0,19;
 5307,0,99694,0,19;
 5307,0,102062,0,20;
 5307,0,103626,0,20;
 5307,0,106066,0,21;
 5307,0,108358,0,21;
 5307,0,109107,0,21;
 5307,0,111702,0,22;
 5307,0,113888,0,22;
 5307,0,116623,0,23;
 5307,0,119034,0,23 ><5308,0,1137,0,0;
 5308,0,5791,0,1;
 5308,0,8352,0,1;
 5308,0,9384,0,1;
 5308,0,12897,0,2;
 5308,0,17418,0,3;
 5308,0,22357,0,4;
 5308,0,27340,0,5;
 5308,0,33115,0,6;
 5308,0,38620,0,7;
 5308,0,43655,0,8;
 5308,0,48800,0,9;
 5308,0,53058,0,10;
 5308,0,58063,0,11;
 5308,0,61403,0,12;
 5308,0,66120,0,13;
 5308,0,70146,0,14;
 5308,0,75557,0,15;
 5308,0,81335,0,16;
 5308,0,86389,0,17;
 5308,0,92023,0,18;
 5308,0,96269,0,19;
 5308,0,100372,0,20;
 5308,0,105671,0,21;
 5308,0,110567,0,22;
 5308,0,115627,0,23;
 5308,0,121220,0,24;
 5308,0,125699,0,25;
 5308,0,130633,0,26;
 5308,0,134703,0,26;
 5308,0,139802,0,27;
 5308,0,143682,0,28;
 5308,0,148962,0,29;
 5308,0,154438,0,30;
 5308,0,159553,0,31;
 5308,0,164117,0,32;
 5308,0,169373,0,33;
 5308,0,174455,0,34;
 5308,0,179406,0,35;
 5308,0,184564,0,36;
 5308,0,189609,0,37;
 5308,0,194109,0,38;
 5308,0,198128,0,39;
 5308,0,201100,0,40;
 5308,0,203723,0,40;
 5308,0,206819,0,41;
 5308,0,209324,0,41;
 5308,0,212405,0,42;
 5308,0,216675,0,43;
 5308,0,220700,0,44;
 5308,0,224348,0,44;
 5308,0,226436,0,45;
 5308,0,230010,0,46;
 5308,0,233039,1,46;
 5308,0,10647,0,2;
 5308,0,14124,0,2;
 5308,0,15260,0,3;
 5308,0,17551,0,3;
 5308,0,20278,0,4;
 5308,0,23184,0,4;
 5308,0,25485,0,5;
 5308,0,28290,0,5;
 5308,0,32013,0,6;
 5308,0,34587,0,6;
 5308,0,37542,0,7;
 5308,0,39684,0,7;
 5308,0,43670,0,8;
 5308,0,46469,0,9;
 5308,0,48782,0,9;
 5308,0,50907,0,10;
 5308,0,53140,0,10;
 5308,0,55344,0,11;
 5308,0,57689,0,11;
 5308,0,60415,0,12;
 5308,0,63450,0,12;
 5308,0,65855,0,13;
 5308,0,70095,0,14;
 5308,0,72147,0,14;
 5308,0,76245,0,15;
 5308,0,78452,0,15;
 5308,0,80844,0,16;
 5308,0,83074,0,16;
 5308,0,85183,0,17;
 5308,0,87557,0,17;
 5308,0,89228,0,17;
 5308,0,91552,0,18;
 5308,0,93831,0,18;
 5308,0,95798,0,19;
 5308,0,98396,0,19;
 5308,0,101019,0,20;
 5308,0,104026,0,20;
 5308,0,106131,0,21;
 5308,0,107893,0,21;
 5308,0,110554,0,22;
 5308,0,112620,0,22;
 5308,0,115472,0,23;
 5308,0,117232,0,23;
 5308,0,118546,0,23;
 5308,0,119806,0,23;
 5308,0,122125,0,24;
 5308,0,124949,0,24;
 5308,0,126691,0,25;
 5308,0,128839,0,25;
 5308,0,130216,0,26;
 5308,0,132316,0,26;
 5308,0,134935,0,26;
 5308,0,137140,0,27;
 5308,0,139272,0,27;
 5308,0,140606,0,28;
 5308,0,142925,0,28;
 5308,0,145173,0,29;
 5308,0,147286,0,29;
 5308,0,149567,0,29;
 5308,0,151832,0,30;
 5308,0,153945,0,30;
 5308,0,156791,0,31 ><5309,0,2626,0,0;
 5309,0,11481,0,2;
 5309,0,15471,0,3;
 5309,0,21237,0,4;
 5309,0,24740,0,4;
 5309,0,28501,0,5;
 5309,0,32356,0,6;
 5309,0,37944,0,7;
 5309,0,43040,0,8;
 5309,0,48426,0,9;
 5309,0,51679,0,10;
 5309,0,55869,0,11;
 5309,0,60953,0,12;
 5309,0,65454,0,13;
 5309,0,69366,0,13;
 5309,0,73911,0,14;
 5309,0,77840,0,15;
 5309,0,82566,0,16;
 5309,0,87703,0,17;
 5309,0,92887,0,18;
 5309,0,98455,0,19;
 5309,0,102416,0,20;
 5309,0,107194,0,21;
 5309,0,110612,0,22;
 5309,0,114538,0,22;
 5309,0,118360,0,23;
 5309,0,122041,0,24;
 5309,0,126336,0,25;
 5309,0,129469,0,25;
 5309,0,133287,0,26;
 5309,0,137754,0,27;
 5309,0,140919,0,28;
 5309,0,144807,0,28;
 5309,0,149111,0,29;
 5309,0,152959,0,30;
 5309,0,156791,0,31;
 5309,0,161781,0,32;
 5309,0,167674,0,33;
 5309,0,173464,0,34;
 5309,0,179978,0,35;
 5309,0,184367,0,36;
 5309,0,189410,0,37;
 5309,0,192454,0,38;
 5309,0,197041,0,39;
 5309,0,201223,0,40;
 5309,0,205133,0,41;
 5309,0,205697,0,41;
 5309,0,206333,0,41;
 5309,0,209935,0,41;
 5309,0,214057,0,42;
 5309,0,217050,0,43;
 5309,0,221219,0,44;
 5309,0,224710,0,44;
 5309,0,227504,0,45;
 5309,0,231450,0,46;
 5309,0,234369,0,46;
 5309,0,235639,0,47;
 5309,0,238712,0,47;
 5309,0,241525,0,48;
 5309,0,244820,0,48;
 5309,0,246848,0,49;
 5309,0,249350,0,49;
 5309,0,252551,0,50;
 5309,0,254911,0,50;
 5309,0,258291,0,51;
 5309,0,261330,0,52;
 5309,0,263777,0,52;
 5309,0,266529,0,53;
 5309,0,268817,0,53;
 5309,0,271112,0,54;
 5309,0,273771,0,54;
 5309,0,276694,0,55;
 5309,0,279233,0,55;
 5309,0,281677,0,56;
 5309,0,284104,0,56;
 5309,0,286301,0,57;
 5309,0,288923,0,57;
 5309,0,289792,0,57;
 5309,0,291975,0,58;
 5309,0,293968,0,58;
 5309,0,295810,0,59;
 5309,0,297628,0,59;
 5309,0,300017,0,60;
 5309,0,301789,0,60;
 5309,0,304348,1,60;
 5309,0,7027,0,1;
 5309,0,10325,0,2;
 5309,0,11341,0,2;
 5309,0,14123,0,2;
 5309,0,16253,0,3;
 5309,0,18694,0,3;
 5309,0,20852,0,4;
 5309,0,22398,0,4;
 5309,0,24613,0,4;
 5309,0,26887,0,5;
 5309,0,29242,0,5;
 5309,0,30574,0,6;
 5309,0,32333,0,6;
 5309,0,34060,0,6;
 5309,0,36763,0,7;
 5309,0,39230,0,7;
 5309,0,40695,0,8;
 5309,0,42840,0,8;
 5309,0,44395,0,8;
 5309,0,46322,0,9;
 5309,0,48694,0,9;
 5309,0,50568,0,10;
 5309,0,52404,0,10;
 5309,0,54681,0,10;
 5309,0,57648,0,11;
 5309,0,59238,0,11;
 5309,0,61203,0,12;
 5309,0,63243,0,12;
 5309,0,65155,0,13;
 5309,0,67122,0,13;
 5309,0,69480,0,13 ><5310,0,182,0,0;
 5310,0,8242,0,1;
 5310,0,12559,0,2;
 5310,0,16453,0,3;
 5310,0,20700,0,4;
 5310,0,24325,0,4;
 5310,0,29159,0,5;
 5310,0,33100,0,6;
 5310,0,37575,0,7;
 5310,0,42110,0,8;
 5310,0,46706,0,9;
 5310,0,51669,0,10;
 5310,0,56638,0,11;
 5310,0,59330,0,11;
 5310,0,63282,0,12;
 5310,0,66169,0,13;
 5310,0,69075,0,13;
 5310,0,71528,0,14;
 5310,0,74384,0,14;
 5310,0,76685,0,15;
 5310,0,79201,0,15;
 5310,0,81849,0,16;
 5310,0,85422,0,17;
 5310,0,88943,0,17;
 5310,0,94472,0,18;
 5310,0,99413,0,19;
 5310,0,103896,0,20;
 5310,0,107731,0,21;
 5310,0,112062,0,22;
 5310,0,115595,0,23;
 5310,0,120347,0,24;
 5310,0,124680,0,24;
 5310,0,129447,0,25;
 5310,0,134357,0,26;
 5310,0,139334,0,27;
 5310,0,144351,0,28;
 5310,0,150438,0,30;
 5310,0,156083,0,31;
 5310,0,162789,0,32;
 5310,0,168014,0,33;
 5310,0,173082,0,34;
 5310,0,179200,0,35;
 5310,0,185266,0,37;
 5310,0,190619,0,38;
 5310,0,196153,0,39;
 5310,0,199303,0,39;
 5310,0,202311,0,40;
 5310,0,203811,0,40;
 5310,0,207903,0,41;
 5310,0,212174,0,42;
 5310,0,216215,0,43;
 5310,0,220606,0,44;
 5310,0,225726,0,45;
 5310,0,229604,0,45;
 5310,0,233829,0,46;
 5310,0,236352,0,47;
 5310,0,237847,0,47;
 5310,0,240502,0,48;
 5310,0,242813,0,48;
 5310,0,245705,0,49;
 5310,0,246523,0,49;
 5310,0,248906,0,49;
 5310,0,251896,0,50;
 5310,0,254702,1,50;
 5310,0,10924,0,2;
 5310,0,14173,0,2;
 5310,0,17363,0,3;
 5310,0,20886,0,4;
 5310,0,24499,0,4;
 5310,0,27919,0,5;
 5310,0,30028,0,6;
 5310,0,32287,0,6;
 5310,0,34592,0,6;
 5310,0,36610,0,7;
 5310,0,41286,0,8;
 5310,0,45836,0,9;
 5310,0,49012,0,9;
 5310,0,50743,0,10;
 5310,0,53800,0,10;
 5310,0,56063,0,11;
 5310,0,58761,0,11;
 5310,0,62991,0,12;
 5310,0,64862,0,12;
 5310,0,66912,0,13;
 5310,0,70609,0,14;
 5310,0,70729,0,14;
 5310,0,72586,0,14;
 5310,0,74063,0,14;
 5310,0,76624,0,15;
 5310,0,78829,0,15;
 5310,0,81026,0,16;
 5310,0,83391,0,16;
 5310,0,85617,0,17;
 5310,0,88015,0,17;
 5310,0,90686,0,18;
 5310,0,93019,0,18;
 5310,0,95098,0,19;
 5310,0,97081,0,19;
 5310,0,98461,0,19;
 5310,0,100729,0,20;
 5310,0,105523,0,21;
 5310,0,109199,0,21;
 5310,0,112120,0,22;
 5310,0,113904,0,22;
 5310,0,115799,0,23;
 5310,0,119152,0,23;
 5310,0,119760,0,23;
 5310,0,122373,0,24;
 5310,0,124587,0,24;
 5310,0,127085,0,25;
 5310,0,129335,0,25;
 5310,0,131580,0,26;
 5310,0,133161,0,26;
 5310,0,135639,0,27;
 5310,0,137741,0,27;
 5310,0,139642,0,27 ><5311,0,2539,0,0;
 5311,0,9970,0,1;
 5311,0,11533,0,2;
 5311,0,16321,0,3;
 5311,0,20609,0,4;
 5311,0,24500,0,4;
 5311,0,28920,0,5;
 5311,0,33296,0,6;
 5311,0,37959,0,7;
 5311,0,43040,0,8;
 5311,0,48660,0,9;
 5311,0,53932,0,10;
 5311,0,57734,0,11;
 5311,0,62872,0,12;
 5311,0,68111,0,13;
 5311,0,73755,0,14;
 5311,0,78879,0,15;
 5311,0,84219,0,16;
 5311,0,90271,0,18;
 5311,0,96006,0,19;
 5311,0,102027,0,20;
 5311,0,104204,0,20;
 5311,0,107195,0,21;
 5311,0,111823,0,22;
 5311,0,116434,0,23;
 5311,0,120674,0,24;
 5311,0,125202,0,25;
 5311,0,129458,0,25;
 5311,0,134340,0,26;
 5311,0,138380,0,27;
 5311,0,141929,0,28;
 5311,0,146645,0,29;
 5311,0,151176,0,30;
 5311,0,155612,0,31;
 5311,0,160079,0,32;
 5311,0,163612,0,32;
 5311,0,168880,0,33;
 5311,0,173910,0,34;
 5311,0,178705,0,35;
 5311,0,184185,0,36;
 5311,0,190273,0,38;
 5311,0,195654,0,39;
 5311,0,201192,0,40;
 5311,0,203623,0,40;
 5311,0,205864,0,41;
 5311,0,208176,0,41;
 5311,0,210461,0,42;
 5311,0,212542,0,42;
 5311,0,215933,0,43;
 5311,0,221841,0,44;
 5311,0,223380,0,44;
 5311,0,226194,0,45;
 5311,0,230635,0,46;
 5311,0,235021,0,47;
 5311,0,239217,0,47;
 5311,0,242271,0,48;
 5311,0,243386,0,48;
 5311,0,246073,0,49;
 5311,0,249528,0,49;
 5311,0,252687,0,50;
 5311,0,255049,0,51;
 5311,0,258045,0,51;
 5311,0,261331,0,52;
 5311,0,264362,0,52;
 5311,0,266558,0,53;
 5311,0,269381,0,53;
 5311,0,271517,0,54;
 5311,0,271517,0,54;
 5311,0,274577,0,54;
 5311,0,277413,0,55;
 5311,0,279560,1,55;
 5311,0,8973,0,1;
 5311,0,11059,0,2;
 5311,0,13525,0,2;
 5311,0,17119,0,3;
 5311,0,18920,0,3;
 5311,0,22423,0,4;
 5311,0,24791,0,4;
 5311,0,28715,0,5;
 5311,0,31314,0,6;
 5311,0,34376,0,6;
 5311,0,37725,0,7;
 5311,0,40515,0,8;
 5311,0,42214,0,8;
 5311,0,44709,0,8;
 5311,0,47159,0,9;
 5311,0,49779,0,9;
 5311,0,51807,0,10;
 5311,0,53256,0,10;
 5311,0,55498,0,11;
 5311,0,58112,0,11;
 5311,0,60613,0,12;
 5311,0,62515,0,12;
 5311,0,65583,0,13;
 5311,0,68631,0,13;
 5311,0,70793,0,14;
 5311,0,73231,0,14;
 5311,0,75371,0,15;
 5311,0,77771,0,15;
 5311,0,79847,0,15;
 5311,0,82516,0,16;
 5311,0,84150,0,16;
 5311,0,86442,0,17;
 5311,0,88466,0,17;
 5311,0,89704,0,17;
 5311,0,92098,0,18;
 5311,0,93607,0,18;
 5311,0,96750,0,19;
 5311,0,98844,0,19;
 5311,0,100605,0,20;
 5311,0,102503,0,20;
 5311,0,104112,0,20;
 5311,0,106899,0,21;
 5311,0,109176,0,21;
 5311,0,111572,0,22;
 5311,0,113080,0,22 ><5312,0,1640,0,0;
 5312,0,11190,0,2;
 5312,0,14683,0,2;
 5312,0,19468,0,3;
 5312,0,25149,0,5;
 5312,0,29625,0,5;
 5312,0,34460,0,6;
 5312,0,38635,0,7;
 5312,0,43918,0,8;
 5312,0,49340,0,9;
 5312,0,54334,0,10;
 5312,0,59744,0,11;
 5312,0,64266,0,12;
 5312,0,68957,0,13;
 5312,0,72642,0,14;
 5312,0,76320,0,15;
 5312,0,79149,0,15;
 5312,0,82135,0,16;
 5312,0,85381,0,17;
 5312,0,87449,0,17;
 5312,0,90258,0,18;
 5312,0,94674,0,18;
 5312,0,98808,0,19;
 5312,0,102969,0,20;
 5312,0,105374,0,21;
 5312,0,107973,0,21;
 5312,0,110869,0,22;
 5312,0,113212,0,22;
 5312,0,115009,0,23;
 5312,0,117891,0,23;
 5312,0,120857,0,24;
 5312,0,124408,0,24;
 5312,0,128830,0,25;
 5312,0,132161,0,26;
 5312,0,136581,0,27;
 5312,0,137998,0,27;
 5312,0,142785,0,28;
 5312,0,148034,0,29;
 5312,0,153070,0,30;
 5312,0,158014,0,31;
 5312,0,163307,0,32;
 5312,0,167320,0,33;
 5312,0,171881,0,34;
 5312,0,175919,0,35;
 5312,0,180618,0,36;
 5312,0,182304,0,36;
 5312,0,184792,0,36;
 5312,0,187805,0,37;
 5312,0,191582,0,38;
 5312,0,197368,0,39;
 5312,0,200743,0,40;
 5312,0,204757,0,40;
 5312,0,208295,0,41;
 5312,0,212966,0,42;
 5312,0,217043,0,43;
 5312,0,220037,0,44;
 5312,0,220935,0,44;
 5312,0,223719,0,44;
 5312,0,226740,0,45;
 5312,0,229494,0,45;
 5312,0,231000,0,46;
 5312,0,234578,0,46;
 5312,0,237336,0,47;
 5312,0,240381,0,48;
 5312,0,243547,0,48;
 5312,0,246098,0,49;
 5312,0,248426,0,49;
 5312,0,251593,0,50;
 5312,0,254139,0,50;
 5312,0,257401,0,51;
 5312,0,259715,0,51;
 5312,0,262697,0,52;
 5312,0,265233,0,53;
 5312,0,267229,0,53;
 5312,0,269543,0,53;
 5312,0,271614,0,54;
 5312,0,274097,0,54;
 5312,0,275372,0,55;
 5312,0,277344,0,55;
 5312,0,279222,0,55;
 5312,0,281493,0,56;
 5312,0,284343,0,56;
 5312,0,286595,0,57;
 5312,0,288955,0,57;
 5312,0,291337,0,58;
 5312,0,293615,0,58;
 5312,0,296056,0,59;
 5312,0,297173,0,59;
 5312,0,299084,0,59;
 5312,0,301729,0,60;
 5312,0,303279,0,60;
 5312,0,305282,0,61;
 5312,0,306948,0,61;
 5312,0,309783,0,61;
 5312,0,312312,0,62;
 5312,0,315360,0,63;
 5312,0,317144,0,63;
 5312,0,318797,0,63;
 5312,0,320666,0,64;
 5312,0,322858,0,64;
 5312,0,323923,0,64;
 5312,0,326174,0,65;
 5312,0,327869,0,65;
 5312,0,327878,0,65;
 5312,0,327939,0,65;
 5312,0,328607,0,65;
 5312,0,330508,0,66;
 5312,0,333075,1,66;
 5312,0,6652,0,1;
 5312,0,8805,0,1;
 5312,0,10615,0,2;
 5312,0,12942,0,2;
 5312,0,16313,0,3;
 5312,0,18719,0,3;
 5312,0,20901,0,4;
 5312,0,22531,0,4 ><5313,0,2412,0,0;
 5313,0,13436,0,2;
 5313,0,18030,0,3;
 5313,0,19377,0,3;
 5313,0,26008,0,5;
 5313,0,30509,0,6;
 5313,0,36728,0,7;
 5313,0,42302,0,8;
 5313,0,47290,0,9;
 5313,0,50813,0,10;
 5313,0,55445,0,11;
 5313,0,60653,0,12;
 5313,0,64162,0,12;
 5313,0,68280,0,13;
 5313,0,72367,0,14;
 5313,0,75874,0,15;
 5313,0,78936,0,15;
 5313,0,82387,0,16;
 5313,0,86078,0,17;
 5313,0,90661,0,18;
 5313,0,94637,0,18;
 5313,0,98225,0,19;
 5313,0,101956,0,20;
 5313,0,105533,0,21;
 5313,0,110277,0,22;
 5313,0,114367,0,22;
 5313,0,119182,0,23;
 5313,0,123377,0,24;
 5313,0,127219,0,25;
 5313,0,131162,0,26;
 5313,0,135280,0,27;
 5313,0,139700,0,27;
 5313,0,144389,0,28;
 5313,0,150219,0,30;
 5313,0,155475,0,31;
 5313,0,160622,0,32;
 5313,0,164058,0,32;
 5313,0,168205,0,33;
 5313,0,172537,0,34;
 5313,0,176758,0,35;
 5313,0,180687,0,36;
 5313,0,184616,0,36;
 5313,0,189109,0,37;
 5313,0,193423,0,38;
 5313,0,197618,0,39;
 5313,0,200429,0,40;
 5313,0,202289,0,40;
 5313,0,205321,0,41;
 5313,0,210343,0,42;
 5313,0,215791,0,43;
 5313,0,218778,0,43;
 5313,0,222455,0,44;
 5313,0,226521,0,45;
 5313,0,231362,0,46;
 5313,0,234823,0,46;
 5313,0,237304,0,47;
 5313,0,238411,0,47;
 5313,0,240639,0,48;
 5313,0,242922,0,48;
 5313,0,245024,0,49;
 5313,0,246334,0,49;
 5313,0,247940,0,49;
 5313,0,249697,0,49;
 5313,0,251212,0,50;
 5313,0,252644,0,50;
 5313,0,255712,0,51;
 5313,0,260005,0,52;
 5313,0,262721,0,52;
 5313,0,264237,0,52;
 5313,0,265621,1,53;
 5313,0,8464,0,1;
 5313,0,10658,0,2;
 5313,0,12790,0,2;
 5313,0,15093,0,3;
 5313,0,17605,0,3;
 5313,0,20386,0,4;
 5313,0,23911,0,4;
 5313,0,26008,0,5;
 5313,0,28995,0,5;
 5313,0,31649,0,6;
 5313,0,35195,0,7;
 5313,0,37373,0,7;
 5313,0,40293,0,8;
 5313,0,42085,0,8;
 5313,0,45915,0,9;
 5313,0,48435,0,9;
 5313,0,51424,0,10;
 5313,0,52983,0,10;
 5313,0,54151,0,10;
 5313,0,56252,0,11;
 5313,0,58478,0,11;
 5313,0,60644,0,12;
 5313,0,62612,0,12;
 5313,0,65223,0,13;
 5313,0,66341,0,13;
 5313,0,67194,0,13;
 5313,0,69990,0,13;
 5313,0,71720,0,14;
 5313,0,72937,0,14;
 5313,0,74678,0,14;
 5313,0,76015,0,15;
 5313,0,78620,0,15;
 5313,0,81334,0,16;
 5313,0,82684,0,16;
 5313,0,84185,0,16;
 5313,0,87110,0,17;
 5313,0,89893,0,17;
 5313,0,92450,0,18;
 5313,0,94673,0,18;
 5313,0,96855,0,19;
 5313,0,98615,0,19;
 5313,0,101319,0,20;
 5313,0,104393,0,20;
 5313,0,105726,0,21;
 5313,0,105811,0,21;
 5313,0,108314,0,21 ><5314,0,2033,0,0;
 5314,0,10688,0,2;
 5314,0,13795,0,2;
 5314,0,19005,0,3;
 5314,0,22665,0,4;
 5314,0,26902,0,5;
 5314,0,30402,0,6;
 5314,0,34180,0,6;
 5314,0,37154,0,7;
 5314,0,42275,0,8;
 5314,0,47250,0,9;
 5314,0,52419,0,10;
 5314,0,56702,0,11;
 5314,0,60542,0,12;
 5314,0,64819,0,12;
 5314,0,68360,0,13;
 5314,0,72622,0,14;
 5314,0,76528,0,15;
 5314,0,80947,0,16;
 5314,0,85306,0,17;
 5314,0,89965,0,17;
 5314,0,94795,0,18;
 5314,0,99391,0,19;
 5314,0,104311,0,20;
 5314,0,107546,0,21;
 5314,0,111050,0,22;
 5314,0,115226,0,23;
 5314,0,118248,0,23;
 5314,0,122167,0,24;
 5314,0,125530,0,25;
 5314,0,130565,0,26;
 5314,0,133683,0,26;
 5314,0,137036,0,27;
 5314,0,140201,0,28;
 5314,0,143703,0,28;
 5314,0,146712,0,29;
 5314,0,151302,0,30;
 5314,0,155620,0,31;
 5314,0,160167,0,32;
 5314,0,165030,0,33;
 5314,0,169563,0,33;
 5314,0,173940,0,34;
 5314,0,177990,0,35;
 5314,0,181806,0,36;
 5314,0,186956,0,37;
 5314,0,191173,0,38;
 5314,0,196394,0,39;
 5314,0,201056,0,40;
 5314,0,204533,0,40;
 5314,0,209072,0,41;
 5314,0,212876,0,42;
 5314,0,217999,0,43;
 5314,0,221879,0,44;
 5314,0,225219,0,45;
 5314,0,229416,0,45;
 5314,0,231975,0,46;
 5314,0,233414,0,46;
 5314,0,235802,0,47;
 5314,0,239620,0,47;
 5314,0,242646,0,48;
 5314,0,245242,0,49;
 5314,0,247758,0,49;
 5314,0,251584,0,50;
 5314,0,254071,0,50;
 5314,0,257187,0,51;
 5314,0,259718,0,51;
 5314,0,262674,0,52;
 5314,0,265422,0,53;
 5314,0,267842,0,53;
 5314,0,270113,0,54;
 5314,0,274230,0,54;
 5314,0,277920,0,55;
 5314,0,281634,0,56;
 5314,0,286539,0,57;
 5314,0,288729,0,57;
 5314,0,290910,0,58;
 5314,0,292217,0,58;
 5314,0,292829,0,58;
 5314,0,294127,0,58;
 5314,0,296929,0,59;
 5314,0,298852,0,59;
 5314,0,301967,0,60;
 5314,0,304484,0,60;
 5314,0,306953,0,61;
 5314,0,308481,0,61;
 5314,0,310977,0,62;
 5314,0,313299,0,62;
 5314,0,314930,0,62;
 5314,0,316671,0,63;
 5314,0,318450,0,63;
 5314,0,319408,0,63;
 5314,0,321695,0,64;
 5314,0,323574,0,64;
 5314,0,325173,0,65;
 5314,0,328462,0,65;
 5314,0,330933,0,66;
 5314,0,333043,0,66;
 5314,0,334359,0,66;
 5314,0,335295,0,67;
 5314,0,337557,0,67;
 5314,0,339842,0,67;
 5314,0,341040,0,68;
 5314,0,343009,0,68;
 5314,0,344204,0,68;
 5314,0,346041,0,69;
 5314,0,347872,0,69;
 5314,0,348876,0,69;
 5314,0,350763,0,70;
 5314,0,352623,0,70;
 5314,0,353283,0,70;
 5314,0,358615,0,71;
 5314,0,361319,0,72;
 5314,0,364393,0,72;
 5314,0,365726,0,73;
 5314,0,365811,1,73;
 5314,0,9714,0,1 ><5315,0,2372,0,0;
 5315,0,13604,0,2;
 5315,0,19068,0,3;
 5315,0,24388,0,4;
 5315,0,29450,0,5;
 5315,0,34842,0,6;
 5315,0,40905,0,8;
 5315,0,46814,0,9;
 5315,0,52613,0,10;
 5315,0,58957,0,11;
 5315,0,64996,0,12;
 5315,0,71098,0,14;
 5315,0,74822,0,14;
 5315,0,78855,0,15;
 5315,0,83135,0,16;
 5315,0,87943,0,17;
 5315,0,92863,0,18;
 5315,0,97533,0,19;
 5315,0,102526,0,20;
 5315,0,107303,0,21;
 5315,0,112865,0,22;
 5315,0,116509,0,23;
 5315,0,119291,0,23;
 5315,0,123324,0,24;
 5315,0,126919,0,25;
 5315,0,130226,0,26;
 5315,0,133601,0,26;
 5315,0,136707,0,27;
 5315,0,140239,0,28;
 5315,0,143196,0,28;
 5315,0,146325,0,29;
 5315,0,150179,0,30;
 5315,0,155569,0,31;
 5315,0,161454,0,32;
 5315,0,165649,0,33;
 5315,0,171424,0,34;
 5315,0,176360,0,35;
 5315,0,182306,0,36;
 5315,0,187989,0,37;
 5315,0,193795,0,38;
 5315,0,198557,0,39;
 5315,0,203255,0,40;
 5315,0,208250,0,41;
 5315,0,214231,0,42;
 5315,0,219392,0,43;
 5315,0,223164,0,44;
 5315,0,227448,0,45;
 5315,0,231781,0,46;
 5315,0,235870,0,47;
 5315,0,239374,0,47;
 5315,0,242598,0,48;
 5315,0,247194,0,49;
 5315,0,251681,0,50;
 5315,0,255246,0,51;
 5315,0,258688,0,51;
 5315,0,261161,0,52;
 5315,0,262681,0,52;
 5315,0,265996,0,53;
 5315,0,268787,0,53;
 5315,0,272196,0,54;
 5315,0,273010,0,54;
 5315,0,275374,0,55;
 5315,0,279367,0,55;
 5315,0,282262,1,56;
 5315,0,11073,0,2;
 5315,0,14066,0,2;
 5315,0,17479,0,3;
 5315,0,19751,0,3;
 5315,0,20977,0,4;
 5315,0,21697,0,4;
 5315,0,23363,0,4;
 5315,0,26981,0,5;
 5315,0,30867,0,6;
 5315,0,35183,0,7;
 5315,0,38901,0,7;
 5315,0,41203,0,8;
 5315,0,43885,0,8;
 5315,0,44566,0,8;
 5315,0,46584,0,9;
 5315,0,48136,0,9;
 5315,0,50506,0,10;
 5315,0,52927,0,10;
 5315,0,55645,0,11;
 5315,0,58738,0,11;
 5315,0,60860,0,12;
 5315,0,63136,0,12;
 5315,0,65285,0,13;
 5315,0,67129,0,13;
 5315,0,69178,0,13;
 5315,0,71369,0,14;
 5315,0,73310,0,14;
 5315,0,75497,0,15;
 5315,0,77157,0,15;
 5315,0,80508,0,16;
 5315,0,83202,0,16;
 5315,0,85472,0,17;
 5315,0,88135,0,17;
 5315,0,90313,0,18;
 5315,0,92106,0,18;
 5315,0,94884,0,18;
 5315,0,97085,0,19;
 5315,0,99583,0,19;
 5315,0,101246,0,20;
 5315,0,103320,0,20;
 5315,0,105491,0,21;
 5315,0,107875,0,21;
 5315,0,110180,0,22;
 5315,0,112924,0,22;
 5315,0,114902,0,22;
 5315,0,117257,0,23;
 5315,0,119040,0,23;
 5315,0,121130,0,24;
 5315,0,123328,0,24;
 5315,0,124729,0,24;
 5315,0,127319,0,25;
 5315,0,129379,0,25 ><5316,0,2487,0,0;
 5316,0,11660,0,2;
 5316,0,15498,0,3;
 5316,0,20069,0,4;
 5316,0,24395,0,4;
 5316,0,28369,0,5;
 5316,0,33143,0,6;
 5316,0,37608,0,7;
 5316,0,42295,0,8;
 5316,0,47933,0,9;
 5316,0,53880,0,10;
 5316,0,59851,0,11;
 5316,0,62573,0,12;
 5316,0,66707,0,13;
 5316,0,71273,0,14;
 5316,0,75348,0,15;
 5316,0,80419,0,16;
 5316,0,84894,0,16;
 5316,0,89918,0,17;
 5316,0,94468,0,18;
 5316,0,98670,0,19;
 5316,0,103144,0,20;
 5316,0,107773,0,21;
 5316,0,111627,0,22;
 5316,0,116528,0,23;
 5316,0,120709,0,24;
 5316,0,124953,1,24;
 5316,0,8090,0,1;
 5316,0,11151,0,2;
 5316,0,14217,0,2;
 5316,0,17344,0,3;
 5316,0,20681,0,4;
 5316,0,23616,0,4;
 5316,0,26476,0,5;
 5316,0,29997,0,5;
 5316,0,33607,0,6;
 5316,0,39729,0,7;
 5316,0,45414,0,9;
 5316,0,51543,0,10;
 5316,0,57129,0,11;
 5316,0,62216,0,12;
 5316,0,66570,0,13;
 5316,0,71103,0,14;
 5316,0,76717,0,15;
 5316,0,81983,0,16;
 5316,0,86572,0,17;
 5316,0,90385,0,18;
 5316,0,94651,0,18;
 5316,0,98237,0,19;
 5316,0,103000,0,20;
 5316,0,106541,0,21;
 5316,0,110559,0,22;
 5316,0,114263,0,22;
 5316,0,117358,0,23;
 5316,0,121669,0,24;
 5316,0,124324,0,24;
 5316,0,125319,0,25;
 5316,0,128220,0,25;
 5316,0,131016,0,26;
 5316,0,132286,0,26;
 5316,0,135211,0,27;
 5316,0,138130,0,27;
 5316,0,140571,0,28;
 5316,0,143927,0,28;
 5316,0,146488,0,29;
 5316,0,148806,0,29;
 5316,0,150144,0,30;
 5316,0,151995,0,30;
 5316,0,154362,0,30;
 5316,0,156525,0,31;
 5316,0,159100,0,31;
 5316,0,162408,0,32;
 5316,0,163961,0,32;
 5316,0,166172,0,33;
 5316,0,167648,0,33;
 5316,0,168858,0,33;
 5316,0,170128,0,34;
 5316,0,170128,0,34;
 5316,0,171285,0,34;
 5316,0,172902,1,34;
 5316,0,2287,0,0;
 5316,0,4681,0,0;
 5316,0,6768,0,1;
 5316,0,8477,0,1;
 5316,0,9230,0,1;
 5316,0,11251,0,2;
 5316,0,14505,0,2;
 5316,0,16026,0,3;
 5316,0,18562,0,3;
 5316,0,20531,0,4;
 5316,0,23368,0,4;
 5316,0,25756,0,5;
 5316,0,28008,0,5;
 5316,0,30004,0,6;
 5316,0,31051,0,6;
 5316,0,32123,0,6;
 5316,0,34124,0,6;
 5316,0,35884,0,7;
 5316,0,37355,0,7;
 5316,0,38823,0,7;
 5316,0,42360,0,8;
 5316,0,43927,0,8;
 5316,0,45550,0,9;
 5316,0,47317,0,9;
 5316,0,47930,0,9;
 5316,0,51232,0,10;
 5316,0,52820,0,10;
 5316,0,54864,0,10;
 5316,0,57201,0,11;
 5316,0,59786,0,11;
 5316,0,60775,0,12;
 5316,0,62208,0,12;
 5316,0,63966,0,12;
 5316,0,65128,0,13;
 5316,0,66883,0,13;
 5316,0,69164,0,13 ><5317,0,1954,0,0;
 5317,0,13579,0,2;
 5317,0,17056,0,3;
 5317,0,21365,0,4;
 5317,0,25807,0,5;
 5317,0,29375,0,5;
 5317,0,34463,0,6;
 5317,0,38932,0,7;
 5317,0,43930,0,8;
 5317,0,48757,0,9;
 5317,0,53809,0,10;
 5317,0,58877,0,11;
 5317,0,63720,0,12;
 5317,0,68805,0,13;
 5317,0,73835,0,14;
 5317,0,79124,0,15;
 5317,0,84381,0,16;
 5317,0,88799,0,17;
 5317,0,93368,0,18;
 5317,0,98382,0,19;
 5317,0,103661,0,20;
 5317,0,109105,0,21;
 5317,0,115267,0,23;
 5317,0,120067,0,24;
 5317,0,125062,0,25;
 5317,0,129267,0,25;
 5317,0,134291,0,26;
 5317,0,137171,0,27;
 5317,0,141608,0,28;
 5317,0,145252,0,29;
 5317,0,150168,0,30;
 5317,0,154064,0,30;
 5317,0,158408,0,31;
 5317,0,162925,0,32;
 5317,0,165504,0,33;
 5317,0,169797,0,33;
 5317,0,175410,0,35;
 5317,0,180488,0,36;
 5317,0,185493,0,37;
 5317,0,190774,0,38;
 5317,0,195182,0,39;
 5317,0,199920,0,39;
 5317,0,203543,0,40;
 5317,0,207505,0,41;
 5317,0,210799,0,42;
 5317,0,213997,0,42;
 5317,0,216169,0,43;
 5317,0,218751,0,43;
 5317,0,222716,0,44;
 5317,0,225129,0,45;
 5317,0,228060,0,45;
 5317,0,232205,0,46;
 5317,0,235089,0,47;
 5317,0,240103,0,48;
 5317,0,244428,0,48;
 5317,0,247432,0,49;
 5317,0,248630,0,49;
 5317,0,251383,0,50;
 5317,0,254152,0,50;
 5317,0,256560,0,51;
 5317,0,259255,0,51;
 5317,0,261729,0,52;
 5317,0,265042,0,53;
 5317,0,267542,0,53;
 5317,0,270864,0,54;
 5317,0,273874,0,54;
 5317,0,277060,0,55;
 5317,0,280504,0,56;
 5317,0,283962,0,56;
 5317,0,288414,0,57;
 5317,0,290363,0,58;
 5317,0,290363,0,58;
 5317,0,291402,0,58;
 5317,0,297189,0,59;
 5317,0,299281,0,59;
 5317,0,300744,1,60;
 5317,0,10785,0,2;
 5317,0,12163,0,2;
 5317,0,12963,0,2;
 5317,0,15227,0,3;
 5317,0,16841,0,3;
 5317,0,19926,0,3;
 5317,0,22311,0,4;
 5317,0,24938,0,4;
 5317,0,27811,0,5;
 5317,0,30427,0,6;
 5317,0,33383,0,6;
 5317,0,34713,0,6;
 5317,0,36513,0,7;
 5317,0,38259,0,7;
 5317,0,40434,0,8;
 5317,0,42248,0,8;
 5317,0,43665,0,8;
 5317,0,45932,0,9;
 5317,0,47963,0,9;
 5317,0,50226,0,10;
 5317,0,52402,0,10;
 5317,0,54193,0,10;
 5317,0,56078,0,11;
 5317,0,58244,0,11;
 5317,0,60501,0,12;
 5317,0,62063,0,12;
 5317,0,64199,0,12;
 5317,0,66447,0,13;
 5317,0,68253,0,13;
 5317,0,71288,0,14;
 5317,0,73289,0,14;
 5317,0,75194,0,15;
 5317,0,76638,0,15;
 5317,0,79126,0,15;
 5317,0,80870,0,16;
 5317,0,82705,0,16;
 5317,0,85211,0,17;
 5317,0,86784,0,17;
 5317,0,89703,0,17;
 5317,0,91786,0,18 ><5318,0,741,0,0;
 5318,0,9059,0,1;
 5318,0,14100,0,2;
 5318,0,18918,0,3;
 5318,0,23108,0,4;
 5318,0,27409,0,5;
 5318,0,31460,0,6;
 5318,0,36282,0,7;
 5318,0,40469,0,8;
 5318,0,45028,0,9;
 5318,0,49282,0,9;
 5318,0,54088,0,10;
 5318,0,58250,0,11;
 5318,0,62577,0,12;
 5318,0,67105,0,13;
 5318,0,70757,0,14;
 5318,0,74287,0,14;
 5318,0,78173,0,15;
 5318,0,81856,0,16;
 5318,0,85345,0,17;
 5318,0,89024,0,17;
 5318,0,92732,0,18;
 5318,0,96956,0,19;
 5318,0,100861,0,20;
 5318,0,105204,0,21;
 5318,0,109920,0,21;
 5318,0,114296,0,22;
 5318,0,118750,0,23;
 5318,0,123171,0,24;
 5318,0,127795,0,25;
 5318,0,133401,0,26;
 5318,0,137506,0,27;
 5318,0,142381,0,28;
 5318,0,147445,0,29;
 5318,0,151890,0,30;
 5318,0,157347,0,31;
 5318,0,161800,0,32;
 5318,0,167325,0,33;
 5318,0,172730,0,34;
 5318,0,177300,0,35;
 5318,0,182394,0,36;
 5318,0,186273,0,37;
 5318,0,191378,0,38;
 5318,0,195036,0,39;
 5318,0,198876,0,39;
 5318,0,202036,0,40;
 5318,0,205598,0,41;
 5318,0,209191,0,41;
 5318,0,212708,0,42;
 5318,0,216994,0,43;
 5318,0,219988,0,43;
 5318,0,223894,0,44;
 5318,0,227939,0,45;
 5318,0,231862,0,46;
 5318,0,235494,0,47;
 5318,0,238751,0,47;
 5318,0,240482,0,48;
 5318,0,243877,0,48;
 5318,0,247293,0,49;
 5318,0,250491,0,50;
 5318,0,253697,0,50;
 5318,0,256868,0,51;
 5318,0,259408,0,51;
 5318,0,261696,0,52;
 5318,0,264129,0,52;
 5318,0,267258,0,53;
 5318,0,270593,0,54;
 5318,0,273600,0,54;
 5318,0,277238,0,55;
 5318,0,280621,0,56;
 5318,0,283192,0,56;
 5318,0,286260,0,57;
 5318,0,289632,0,57;
 5318,0,291994,0,58;
 5318,0,296389,0,59;
 5318,0,300008,0,60;
 5318,0,303768,0,60;
 5318,0,305156,0,61;
 5318,0,308048,0,61;
 5318,0,310209,0,62;
 5318,0,312403,0,62;
 5318,0,315106,0,63;
 5318,0,317748,0,63;
 5318,0,320199,0,64;
 5318,0,322913,0,64;
 5318,0,325324,0,65;
 5318,0,327702,0,65;
 5318,0,329394,0,65;
 5318,0,331127,0,66;
 5318,0,333010,0,66;
 5318,0,335548,0,67;
 5318,0,337265,0,67;
 5318,0,339444,0,67;
 5318,0,341496,0,68;
 5318,0,342999,0,68;
 5318,0,344936,0,68;
 5318,0,346843,0,69;
 5318,0,348267,0,69;
 5318,0,349580,0,69;
 5318,0,351927,0,70;
 5318,0,355404,0,71;
 5318,0,356449,0,71;
 5318,0,358813,0,71;
 5318,0,359895,0,71;
 5318,0,361830,0,72;
 5318,0,363006,0,72;
 5318,0,365027,1,73;
 5318,0,3508,0,0;
 5318,0,6079,0,1;
 5318,0,8691,0,1;
 5318,0,12393,0,2;
 5318,0,13382,0,2;
 5318,0,16512,0,3;
 5318,0,19269,0,3;
 5318,0,21627,0,4;
 5318,0,23953,0,4 ><5319,0,1462,0,0;
 5319,0,7143,0,1;
 5319,0,8677,0,1;
 5319,0,10942,0,2;
 5319,0,12787,0,2;
 5319,0,14576,0,2;
 5319,0,17044,0,3;
 5319,0,18927,0,3;
 5319,0,21015,0,4;
 5319,0,22165,0,4;
 5319,0,22229,0,4;
 5319,0,22498,0,4;
 5319,0,25011,0,5;
 5319,0,27881,0,5;
 5319,0,31338,0,6;
 5319,0,34405,0,6;
 5319,0,37745,0,7;
 5319,0,40739,0,8;
 5319,0,44294,0,8;
 5319,0,47703,0,9;
 5319,0,51193,0,10;
 5319,0,54070,0,10;
 5319,0,55620,0,11;
 5319,0,57681,0,11;
 5319,0,61760,0,12;
 5319,0,65492,0,13;
 5319,0,67959,0,13;
 5319,0,71505,0,14;
 5319,0,75691,0,15;
 5319,0,80633,0,16;
 5319,0,85804,0,17;
 5319,0,90162,0,18;
 5319,0,95599,0,19;
 5319,0,100732,0,20;
 5319,0,105872,0,21;
 5319,0,111139,0,22;
 5319,0,115703,0,23;
 5319,0,121305,0,24;
 5319,0,126458,0,25;
 5319,0,130281,0,26;
 5319,0,135341,0,27;
 5319,0,140574,0,28;
 5319,0,146848,0,29;
 5319,0,150559,0,30;
 5319,0,153515,0,30;
 5319,0,155969,0,31;
 5319,0,158592,0,31;
 5319,0,160576,0,32;
 5319,0,164449,0,32;
 5319,0,169124,0,33;
 5319,0,172036,0,34;
 5319,0,176071,0,35;
 5319,0,180947,0,36;
 5319,0,185301,0,37;
 5319,0,189183,0,37;
 5319,0,192129,0,38;
 5319,0,193151,0,38;
 5319,0,196272,0,39;
 5319,0,198857,0,39;
 5319,0,201845,0,40;
 5319,0,204330,0,40;
 5319,0,207077,0,41;
 5319,0,209426,0,41;
 5319,0,211207,0,42;
 5319,0,211544,0,42;
 5319,0,211544,0,42;
 5319,0,212915,0,42;
 5319,0,216106,1,43;
 5319,0,9045,0,1;
 5319,0,12557,0,2;
 5319,0,15578,0,3;
 5319,0,18742,0,3;
 5319,0,20859,0,4;
 5319,0,24374,0,4;
 5319,0,27836,0,5;
 5319,0,27836,0,5;
 5319,0,27836,0,5;
 5319,0,27836,0,5;
 5319,0,27836,0,5;
 5319,0,27944,0,5;
 5319,0,30194,0,6;
 5319,0,33598,0,6;
 5319,0,36190,0,7;
 5319,0,38824,0,7;
 5319,0,40306,0,8;
 5319,0,41818,0,8;
 5319,0,44220,0,8;
 5319,0,45750,0,9;
 5319,0,47842,0,9;
 5319,0,49447,0,9;
 5319,0,51821,0,10;
 5319,0,53388,0,10;
 5319,0,54945,0,10;
 5319,0,57373,0,11;
 5319,0,59504,0,11;
 5319,0,60551,0,12;
 5319,0,62891,0,12;
 5319,0,64676,0,12;
 5319,0,66363,0,13;
 5319,0,68117,0,13;
 5319,0,69697,0,13;
 5319,0,71210,0,14;
 5319,0,72713,0,14;
 5319,0,74037,0,14;
 5319,0,75698,0,15;
 5319,0,78291,0,15;
 5319,0,80116,0,16;
 5319,0,81643,0,16;
 5319,0,83611,0,16;
 5319,0,85642,0,17;
 5319,0,86803,0,17;
 5319,0,88720,0,17;
 5319,0,91276,0,18;
 5319,0,93276,0,18;
 5319,0,95616,0,19;
 5319,0,97089,0,19 ><5320,0,1321,0,0;
 5320,0,6770,0,1;
 5320,0,8604,0,1;
 5320,0,11247,0,2;
 5320,0,13704,0,2;
 5320,0,16067,0,3;
 5320,0,18758,0,3;
 5320,0,21050,0,4;
 5320,0,23443,0,4;
 5320,0,26098,0,5;
 5320,0,29844,0,5;
 5320,0,33414,0,6;
 5320,0,37106,0,7;
 5320,0,39918,0,7;
 5320,0,41607,0,8;
 5320,0,43354,0,8;
 5320,0,46866,0,9;
 5320,0,49790,0,9;
 5320,0,52117,0,10;
 5320,0,54510,0,10;
 5320,0,56197,0,11;
 5320,0,60121,0,12;
 5320,0,64643,0,12;
 5320,0,69912,0,13;
 5320,0,71499,0,14;
 5320,0,75070,0,15;
 5320,0,77722,0,15;
 5320,0,81732,0,16;
 5320,0,84072,0,16;
 5320,0,87908,0,17;
 5320,0,91778,0,18;
 5320,0,95537,0,19;
 5320,0,98929,0,19;
 5320,0,103185,0,20;
 5320,0,106489,0,21;
 5320,0,110961,0,22;
 5320,0,115556,0,23;
 5320,0,119639,0,23;
 5320,0,124311,0,24;
 5320,0,128609,0,25;
 5320,0,131867,0,26;
 5320,0,135667,0,27;
 5320,0,139585,0,27;
 5320,0,144088,0,28;
 5320,0,148375,0,29;
 5320,0,150543,0,30;
 5320,0,153345,0,30;
 5320,0,155587,0,31;
 5320,0,159008,0,31;
 5320,0,161362,0,32;
 5320,0,166145,0,33;
 5320,0,169326,0,33;
 5320,0,173018,0,34;
 5320,0,177013,0,35;
 5320,0,181081,0,36;
 5320,0,184729,0,36;
 5320,0,186148,0,37;
 5320,0,189586,0,37;
 5320,0,192023,0,38;
 5320,0,194812,0,38;
 5320,0,197576,0,39;
 5320,0,201258,0,40;
 5320,0,203715,0,40;
 5320,0,206724,0,41;
 5320,0,209387,0,41;
 5320,0,211917,0,42;
 5320,0,215630,0,43;
 5320,0,218606,0,43;
 5320,0,222154,0,44;
 5320,0,224760,0,44;
 5320,0,227316,0,45;
 5320,0,229867,0,45;
 5320,0,232168,0,46;
 5320,0,234633,0,46;
 5320,0,238744,0,47;
 5320,0,241053,0,48;
 5320,0,245603,0,49;
 5320,0,247703,0,49;
 5320,0,250725,0,50;
 5320,0,254369,0,50;
 5320,0,258766,0,51;
 5320,0,262267,0,52;
 5320,0,265813,0,53;
 5320,0,267909,0,53;
 5320,0,270007,0,54;
 5320,0,273184,0,54;
 5320,0,276131,0,55;
 5320,0,277737,0,55;
 5320,0,279779,0,55;
 5320,0,281973,0,56;
 5320,0,284959,0,56;
 5320,0,286586,0,57;
 5320,0,288476,0,57;
 5320,0,290100,0,58;
 5320,0,291976,0,58;
 5320,0,293744,0,58;
 5320,0,295438,0,59;
 5320,0,297866,0,59;
 5320,0,300086,0,60;
 5320,0,302004,0,60;
 5320,0,303801,0,60;
 5320,0,305662,0,61;
 5320,0,307800,0,61;
 5320,0,309288,0,61;
 5320,0,311021,0,62;
 5320,0,313453,0,62;
 5320,0,314962,0,62;
 5320,0,317056,0,63;
 5320,0,318832,0,63;
 5320,0,321599,0,64;
 5320,0,323722,0,64;
 5320,0,324934,0,64;
 5320,0,326111,0,65;
 5320,0,327650,1,65;
 5320,0,4860,0,0;
 5320,0,7686,0,1 ><5321,0,1533,0,0;
 5321,0,6609,0,1;
 5321,0,8653,0,1;
 5321,0,10508,0,2;
 5321,0,13053,0,2;
 5321,0,14974,0,2;
 5321,0,17804,0,3;
 5321,0,20037,0,4;
 5321,0,22202,0,4;
 5321,0,24999,0,4;
 5321,0,26701,0,5;
 5321,0,28662,0,5;
 5321,0,31796,0,6;
 5321,0,35284,0,7;
 5321,0,38980,0,7;
 5321,0,42903,0,8;
 5321,0,47807,0,9;
 5321,0,51353,0,10;
 5321,0,55587,0,11;
 5321,0,59590,0,11;
 5321,0,63764,0,12;
 5321,0,69036,0,13;
 5321,0,74136,0,14;
 5321,0,80184,0,16;
 5321,0,83111,0,16;
 5321,0,87331,0,17;
 5321,0,89988,0,17;
 5321,0,93447,0,18;
 5321,0,96187,0,19;
 5321,0,98642,0,19;
 5321,0,102050,0,20;
 5321,0,105419,0,21;
 5321,0,109232,0,21;
 5321,0,112918,0,22;
 5321,0,116804,0,23;
 5321,0,120509,0,24;
 5321,0,125373,0,25;
 5321,0,131128,0,26;
 5321,0,135741,0,27;
 5321,0,139278,0,27;
 5321,0,142609,0,28;
 5321,0,145713,0,29;
 5321,0,149386,0,29;
 5321,0,153362,0,30;
 5321,0,156994,0,31;
 5321,0,158638,0,31;
 5321,0,160849,0,32;
 5321,0,164115,0,32;
 5321,0,167349,0,33;
 5321,0,169649,0,33;
 5321,0,172163,0,34;
 5321,0,174313,0,34;
 5321,0,177990,0,35;
 5321,0,182133,0,36;
 5321,0,186793,0,37;
 5321,0,189780,0,37;
 5321,0,191995,0,38;
 5321,0,195087,0,39;
 5321,0,197618,0,39;
 5321,0,200502,0,40;
 5321,0,202854,0,40;
 5321,0,206327,0,41;
 5321,0,208739,0,41;
 5321,0,210814,0,42;
 5321,0,213805,0,42;
 5321,0,216642,0,43;
 5321,0,219492,0,43;
 5321,0,223094,0,44;
 5321,0,225549,0,45;
 5321,0,228028,0,45;
 5321,0,231192,0,46;
 5321,0,233888,0,46;
 5321,0,236817,0,47;
 5321,0,239492,0,47;
 5321,0,242362,0,48;
 5321,0,244839,0,48;
 5321,0,247139,0,49;
 5321,0,248350,0,49;
 5321,0,250184,0,50;
 5321,0,252104,0,50;
 5321,0,253607,0,50;
 5321,0,255602,0,51;
 5321,0,257991,0,51;
 5321,0,260119,0,52;
 5321,0,261415,0,52;
 5321,0,263694,1,52;
 5321,0,3709,0,0;
 5321,0,5281,0,1;
 5321,0,7063,0,1;
 5321,0,8663,0,1;
 5321,0,10444,0,2;
 5321,0,12587,0,2;
 5321,0,14841,0,2;
 5321,0,17040,0,3;
 5321,0,18409,0,3;
 5321,0,19494,0,3;
 5321,0,21554,0,4;
 5321,0,23199,0,4;
 5321,0,23854,0,4;
 5321,0,25610,0,5;
 5321,0,27073,0,5;
 5321,0,29346,0,5;
 5321,0,31501,0,6;
 5321,0,33120,0,6;
 5321,0,34971,0,6;
 5321,0,36930,0,7;
 5321,0,38266,0,7;
 5321,0,41311,0,8;
 5321,0,43114,0,8;
 5321,0,44897,0,8;
 5321,0,46424,0,9;
 5321,0,47613,0,9;
 5321,0,50122,0,10;
 5321,0,51981,0,10;
 5321,0,53563,0,10;
 5321,0,55617,0,11 ><5322,0,921,0,0;
 5322,0,7380,0,1;
 5322,0,9509,0,1;
 5322,0,12449,0,2;
 5322,0,15030,0,3;
 5322,0,17567,0,3;
 5322,0,20419,0,4;
 5322,0,23425,0,4;
 5322,0,26063,0,5;
 5322,0,29057,0,5;
 5322,0,31858,0,6;
 5322,0,35011,0,7;
 5322,0,38298,0,7;
 5322,0,42973,0,8;
 5322,0,48342,0,9;
 5322,0,53361,0,10;
 5322,0,58000,0,11;
 5322,0,63326,0,12;
 5322,0,68019,0,13;
 5322,0,72163,0,14;
 5322,0,77576,0,15;
 5322,0,81747,0,16;
 5322,0,85699,0,17;
 5322,0,90670,0,18;
 5322,0,96056,0,19;
 5322,0,101515,0,20;
 5322,0,106027,0,21;
 5322,0,110898,0,22;
 5322,0,115422,0,23;
 5322,0,120017,0,24;
 5322,0,125627,0,25;
 5322,0,130309,0,26;
 5322,0,135134,0,27;
 5322,0,140190,0,28;
 5322,0,146374,0,29;
 5322,0,151662,0,30;
 5322,0,156640,0,31;
 5322,0,160979,0,32;
 5322,0,165467,0,33;
 5322,0,169230,0,33;
 5322,0,173818,0,34;
 5322,0,178431,0,35;
 5322,0,182599,0,36;
 5322,0,184702,0,36;
 5322,0,187544,0,37;
 5322,0,190909,0,38;
 5322,0,193437,0,38;
 5322,0,196746,0,39;
 5322,0,200053,0,40;
 5322,0,204059,0,40;
 5322,0,208609,0,41;
 5322,0,212935,0,42;
 5322,0,216414,0,43;
 5322,0,219515,0,43;
 5322,0,222824,0,44;
 5322,0,225627,0,45;
 5322,0,225627,0,45;
 5322,0,228398,0,45;
 5322,0,231795,0,46;
 5322,0,234723,0,46;
 5322,0,237075,0,47;
 5322,0,240524,0,48;
 5322,0,242977,0,48;
 5322,0,245695,0,49;
 5322,0,248734,0,49;
 5322,0,251728,0,50;
 5322,0,254883,0,50;
 5322,0,257666,0,51;
 5322,0,259747,0,51;
 5322,0,261897,0,52;
 5322,0,264295,0,52;
 5322,0,266550,0,53;
 5322,0,268799,0,53;
 5322,0,271280,0,54;
 5322,0,273582,0,54;
 5322,0,275410,0,55;
 5322,0,277701,0,55;
 5322,0,278786,0,55;
 5322,0,280512,0,56;
 5322,0,282238,0,56;
 5322,0,283863,0,56;
 5322,0,285417,0,57;
 5322,0,287180,0,57;
 5322,0,288830,0,57;
 5322,0,290854,0,58;
 5322,0,292272,0,58;
 5322,0,294246,0,58;
 5322,0,296149,0,59;
 5322,0,298262,0,59;
 5322,0,299216,0,59;
 5322,0,299216,0,59;
 5322,0,300464,1,60;
 5322,0,3556,0,0;
 5322,0,7144,0,1;
 5322,0,10981,0,2;
 5322,0,13802,0,2;
 5322,0,16758,0,3;
 5322,0,18438,0,3;
 5322,0,19403,0,3;
 5322,0,21689,0,4;
 5322,0,22251,0,4;
 5322,0,23617,0,4;
 5322,0,26276,0,5;
 5322,0,29055,0,5;
 5322,0,30814,0,6;
 5322,0,31565,0,6;
 5322,0,33826,0,6;
 5322,0,35495,0,7;
 5322,0,37401,0,7;
 5322,0,40638,0,8;
 5322,0,42510,0,8;
 5322,0,43688,0,8;
 5322,0,44594,0,8;
 5322,0,46059,0,9;
 5322,0,47941,0,9;
 5322,0,50274,0,10 ><5323,0,1364,0,0;
 5323,0,7081,0,1;
 5323,0,8946,0,1;
 5323,0,11514,0,2;
 5323,0,13806,0,2;
 5323,0,15936,0,3;
 5323,0,18488,0,3;
 5323,0,20990,0,4;
 5323,0,23276,0,4;
 5323,0,25572,0,5;
 5323,0,27732,0,5;
 5323,0,30169,0,6;
 5323,0,32928,0,6;
 5323,0,37959,0,7;
 5323,0,42912,0,8;
 5323,0,47538,0,9;
 5323,0,52043,0,10;
 5323,0,56658,0,11;
 5323,0,60778,0,12;
 5323,0,65315,0,13;
 5323,0,69885,0,13;
 5323,0,75412,0,15;
 5323,0,80115,0,16;
 5323,0,85585,0,17;
 5323,0,88414,0,17;
 5323,0,92102,0,18;
 5323,0,95807,0,19;
 5323,0,99454,0,19;
 5323,0,102874,0,20;
 5323,0,105901,0,21;
 5323,0,109147,0,21;
 5323,0,112673,0,22;
 5323,0,117718,0,23;
 5323,0,121654,0,24;
 5323,0,125079,0,25;
 5323,0,128292,0,25;
 5323,0,134104,0,26;
 5323,0,140651,0,28;
 5323,0,146430,0,29;
 5323,0,151448,0,30;
 5323,0,157076,0,31;
 5323,0,162068,0,32;
 5323,0,167428,0,33;
 5323,0,170956,0,34;
 5323,0,173884,0,34;
 5323,0,177277,0,35;
 5323,0,179565,0,35;
 5323,0,183133,0,36;
 5323,0,184472,0,36;
 5323,0,187757,0,37;
 5323,0,191021,0,38;
 5323,0,195176,0,39;
 5323,0,199252,0,39;
 5323,0,202914,0,40;
 5323,0,207049,0,41;
 5323,0,210225,0,42;
 5323,0,211623,0,42;
 5323,0,214406,0,42;
 5323,0,215405,0,43;
 5323,0,215405,0,43;
 5323,0,216825,0,43;
 5323,0,218500,0,43;
 5323,0,221518,0,44;
 5323,0,224162,0,44;
 5323,0,226440,0,45;
 5323,0,229030,0,45;
 5323,0,232176,0,46;
 5323,0,235287,0,47;
 5323,0,239119,0,47;
 5323,0,241988,0,48;
 5323,0,244618,0,48;
 5323,0,246943,0,49;
 5323,0,249878,0,49;
 5323,0,252694,0,50;
 5323,0,255943,0,51;
 5323,0,259487,0,51;
 5323,0,262551,0,52;
 5323,0,263857,0,52;
 5323,0,265438,0,53;
 5323,0,267536,0,53;
 5323,0,267579,0,53;
 5323,0,268202,0,53;
 5323,0,270300,0,54;
 5323,0,272512,1,54;
 5323,0,7223,0,1;
 5323,0,9215,0,1;
 5323,0,12098,0,2;
 5323,0,13668,0,2;
 5323,0,15748,0,3;
 5323,0,17574,0,3;
 5323,0,19437,0,3;
 5323,0,20752,0,4;
 5323,0,22263,0,4;
 5323,0,24041,0,4;
 5323,0,24800,0,4;
 5323,0,25650,0,5;
 5323,0,28258,0,5;
 5323,0,29762,0,5;
 5323,0,31046,0,6;
 5323,0,32794,0,6;
 5323,0,34743,0,6;
 5323,0,38006,0,7;
 5323,0,38103,0,7;
 5323,0,44409,0,8;
 5323,0,46533,0,9;
 5323,0,47514,0,9;
 5323,0,49447,0,9;
 5323,0,51764,0,10;
 5323,0,53696,0,10;
 5323,0,55340,0,11;
 5323,0,57616,0,11;
 5323,0,59446,0,11;
 5323,0,61537,0,12;
 5323,0,63735,0,12;
 5323,0,66185,0,13;
 5323,0,68373,0,13 ><5324,0,1277,0,0;
 5324,0,6620,0,1;
 5324,0,8730,0,1;
 5324,0,11215,0,2;
 5324,0,13429,0,2;
 5324,0,15276,0,3;
 5324,0,17840,0,3;
 5324,0,20108,0,4;
 5324,0,22403,0,4;
 5324,0,24934,0,4;
 5324,0,27237,0,5;
 5324,0,29509,0,5;
 5324,0,32440,0,6;
 5324,0,37632,0,7;
 5324,0,43018,0,8;
 5324,0,48215,0,9;
 5324,0,53639,0,10;
 5324,0,58881,0,11;
 5324,0,63504,0,12;
 5324,0,68860,0,13;
 5324,0,74720,0,14;
 5324,0,78803,0,15;
 5324,0,82133,0,16;
 5324,0,86435,0,17;
 5324,0,90263,0,18;
 5324,0,94490,0,18;
 5324,0,98380,0,19;
 5324,0,101506,0,20;
 5324,0,104884,0,20;
 5324,0,108052,0,21;
 5324,0,111232,0,22;
 5324,0,114881,0,22;
 5324,0,119034,0,23;
 5324,0,121706,0,24;
 5324,0,126251,0,25;
 5324,0,130369,0,26;
 5324,0,136154,0,27;
 5324,0,141746,0,28;
 5324,0,147732,0,29;
 5324,0,154070,0,30;
 5324,0,159399,0,31;
 5324,0,163791,0,32;
 5324,0,169258,0,33;
 5324,0,172919,0,34;
 5324,0,176035,0,35;
 5324,0,177361,0,35;
 5324,0,177481,0,35;
 5324,0,178442,0,35;
 5324,0,181834,0,36;
 5324,0,183838,0,36;
 5324,0,187139,0,37;
 5324,0,191605,0,38;
 5324,0,196022,0,39;
 5324,0,200093,0,40;
 5324,0,203850,0,40;
 5324,0,207053,0,41;
 5324,0,207962,0,41;
 5324,0,211541,0,42;
 5324,0,215283,0,43;
 5324,0,218858,0,43;
 5324,0,221074,0,44;
 5324,0,223785,0,44;
 5324,0,226460,0,45;
 5324,0,229215,0,45;
 5324,0,232247,0,46;
 5324,0,235386,0,47;
 5324,0,238936,0,47;
 5324,0,243137,0,48;
 5324,0,246774,0,49;
 5324,0,249720,0,49;
 5324,0,252084,0,50;
 5324,0,255027,0,51;
 5324,0,257610,0,51;
 5324,0,260013,0,52;
 5324,0,263293,0,52;
 5324,0,266498,0,53;
 5324,0,269888,0,53;
 5324,0,271312,0,54;
 5324,0,273935,0,54;
 5324,0,276175,0,55;
 5324,0,278775,0,55;
 5324,0,281419,0,56;
 5324,0,284986,0,56;
 5324,0,287475,0,57;
 5324,0,290124,0,58;
 5324,0,292586,0,58;
 5324,0,295107,0,59;
 5324,0,296188,0,59;
 5324,0,298506,0,59;
 5324,0,300889,0,60;
 5324,0,303106,0,60;
 5324,0,305199,0,61;
 5324,0,307339,0,61;
 5324,0,308607,0,61;
 5324,0,310823,0,62;
 5324,0,313810,0,62;
 5324,0,315626,0,63;
 5324,0,317011,0,63;
 5324,0,318861,0,63;
 5324,0,321873,0,64;
 5324,0,324087,0,64;
 5324,0,325261,0,65;
 5324,0,326818,0,65;
 5324,0,328400,0,65;
 5324,0,330107,0,66;
 5324,0,333350,0,66;
 5324,0,335555,0,67;
 5324,0,337773,0,67;
 5324,0,339291,0,67;
 5324,0,341130,0,68;
 5324,0,342565,0,68;
 5324,0,343587,0,68;
 5324,0,345185,0,69;
 5324,0,346164,0,69;
 5324,0,347344,0,69;
 5324,0,348475,0,69 ><5325,0,1106,0,0;
 5325,0,6407,0,1;
 5325,0,8679,0,1;
 5325,0,11445,0,2;
 5325,0,13921,0,2;
 5325,0,16558,0,3;
 5325,0,19537,0,3;
 5325,0,22275,0,4;
 5325,0,24451,0,4;
 5325,0,26478,0,5;
 5325,0,27948,0,5;
 5325,0,29627,0,5;
 5325,0,32625,0,6;
 5325,0,37829,0,7;
 5325,0,43122,0,8;
 5325,0,48619,0,9;
 5325,0,53726,0,10;
 5325,0,59019,0,11;
 5325,0,64543,0,12;
 5325,0,69679,0,13;
 5325,0,73384,0,14;
 5325,0,78759,0,15;
 5325,0,85281,0,17;
 5325,0,91183,0,18;
 5325,0,97588,0,19;
 5325,0,102873,0,20;
 5325,0,107577,0,21;
 5325,0,112771,0,22;
 5325,0,117677,0,23;
 5325,0,122702,0,24;
 5325,0,128873,0,25;
 5325,0,133893,0,26;
 5325,0,138997,0,27;
 5325,0,144074,0,28;
 5325,0,148395,0,29;
 5325,0,153571,0,30;
 5325,0,157600,0,31;
 5325,0,162267,0,32;
 5325,0,166355,0,33;
 5325,0,170223,0,34;
 5325,0,174395,0,34;
 5325,0,178214,0,35;
 5325,0,182697,0,36;
 5325,0,185590,0,37;
 5325,0,188581,0,37;
 5325,0,192165,0,38;
 5325,0,194939,0,38;
 5325,0,198391,0,39;
 5325,0,201827,0,40;
 5325,0,206398,0,41;
 5325,0,208398,0,41;
 5325,0,213438,0,42;
 5325,0,217202,0,43;
 5325,0,220167,0,44;
 5325,0,223022,0,44;
 5325,0,227324,0,45;
 5325,0,228970,0,45;
 5325,0,232811,0,46;
 5325,0,238147,0,47;
 5325,0,242757,0,48;
 5325,0,246631,0,49;
 5325,0,251096,0,50;
 5325,0,255338,0,51;
 5325,0,255869,0,51;
 5325,0,255991,0,51;
 5325,0,255991,0,51;
 5325,0,255991,0,51;
 5325,0,255991,0,51;
 5325,0,257735,0,51;
 5325,0,261214,0,52;
 5325,0,263615,0,52;
 5325,0,266667,0,53;
 5325,0,268824,0,53;
 5325,0,270472,0,54;
 5325,0,272831,0,54;
 5325,0,275779,0,55;
 5325,0,278661,1,55;
 5325,0,9470,0,1;
 5325,0,14142,0,2;
 5325,0,16275,0,3;
 5325,0,18474,0,3;
 5325,0,20668,0,4;
 5325,0,23481,0,4;
 5325,0,25722,0,5;
 5325,0,28290,0,5;
 5325,0,30964,0,6;
 5325,0,34826,0,6;
 5325,0,36281,0,7;
 5325,0,38704,0,7;
 5325,0,41069,0,8;
 5325,0,43255,0,8;
 5325,0,45377,0,9;
 5325,0,47589,0,9;
 5325,0,50454,0,10;
 5325,0,53558,0,10;
 5325,0,56030,0,11;
 5325,0,58052,0,11;
 5325,0,59590,0,11;
 5325,0,61444,0,12;
 5325,0,63936,0,12;
 5325,0,66369,0,13;
 5325,0,67605,0,13;
 5325,0,68742,0,13;
 5325,0,70133,0,14;
 5325,0,71964,0,14;
 5325,0,75201,0,15;
 5325,0,76870,0,15;
 5325,0,79695,0,15;
 5325,0,81617,0,16;
 5325,0,84390,0,16;
 5325,0,86786,0,17;
 5325,0,88952,0,17;
 5325,0,91418,0,18;
 5325,0,93226,0,18;
 5325,0,95374,0,19;
 5325,0,97925,0,19 ><5326,0,554,0,0;
 5326,0,6372,0,1;
 5326,0,8578,0,1;
 5326,0,11010,0,2;
 5326,0,13690,0,2;
 5326,0,16763,0,3;
 5326,0,19980,0,3;
 5326,0,23226,0,4;
 5326,0,26114,0,5;
 5326,0,27817,0,5;
 5326,0,27951,0,5;
 5326,0,28220,0,5;
 5326,0,30776,0,6;
 5326,0,35152,0,7;
 5326,0,39983,0,7;
 5326,0,45213,0,9;
 5326,0,50048,0,10;
 5326,0,54167,0,10;
 5326,0,59679,0,11;
 5326,0,65040,0,13;
 5326,0,69928,0,13;
 5326,0,75191,0,15;
 5326,0,80198,0,16;
 5326,0,85956,0,17;
 5326,0,91537,0,18;
 5326,0,95842,0,19;
 5326,0,99059,0,19;
 5326,0,103472,0,20;
 5326,0,106818,0,21;
 5326,0,111058,0,22;
 5326,0,115056,0,23;
 5326,0,119996,0,23;
 5326,0,125259,0,25;
 5326,0,129468,0,25;
 5326,0,133805,0,26;
 5326,0,137869,0,27;
 5326,0,142797,0,28;
 5326,0,148675,0,29;
 5326,0,152188,0,30;
 5326,0,157460,0,31;
 5326,0,163641,0,32;
 5326,0,168155,0,33;
 5326,0,173637,0,34;
 5326,0,177952,0,35;
 5326,0,182432,0,36;
 5326,0,184126,0,36;
 5326,0,186644,0,37;
 5326,0,188956,0,37;
 5326,0,192347,0,38;
 5326,0,195763,0,39;
 5326,0,199124,0,39;
 5326,0,199124,0,39;
 5326,0,199124,0,39;
 5326,0,202120,0,40;
 5326,0,205220,0,41;
 5326,0,208307,0,41;
 5326,0,209535,0,41;
 5326,0,212137,0,42;
 5326,0,214756,0,42;
 5326,0,217866,0,43;
 5326,0,220972,0,44;
 5326,0,224128,0,44;
 5326,0,227226,0,45;
 5326,0,230509,0,46;
 5326,0,233775,0,46;
 5326,0,236881,0,47;
 5326,0,239727,0,47;
 5326,0,244051,0,48;
 5326,0,247214,0,49;
 5326,0,249950,0,49;
 5326,0,252282,0,50;
 5326,0,254545,0,50;
 5326,0,256621,0,51;
 5326,0,259691,0,51;
 5326,0,261502,0,52;
 5326,0,263239,0,52;
 5326,0,265317,0,53;
 5326,0,266945,0,53;
 5326,0,269492,1,53;
 5326,0,6649,0,1;
 5326,0,8854,0,1;
 5326,0,11486,0,2;
 5326,0,13057,0,2;
 5326,0,15971,0,3;
 5326,0,18242,0,3;
 5326,0,20570,0,4;
 5326,0,23256,0,4;
 5326,0,25173,0,5;
 5326,0,27596,0,5;
 5326,0,30001,0,6;
 5326,0,32377,0,6;
 5326,0,34594,0,6;
 5326,0,36269,0,7;
 5326,0,38467,0,7;
 5326,0,41430,0,8;
 5326,0,44232,0,8;
 5326,0,46792,0,9;
 5326,0,48628,0,9;
 5326,0,50171,0,10;
 5326,0,52055,0,10;
 5326,0,56133,0,11;
 5326,0,57722,0,11;
 5326,0,59770,0,11;
 5326,0,61056,0,12;
 5326,0,62551,0,12;
 5326,0,64238,0,12;
 5326,0,66637,0,13;
 5326,0,69205,0,13;
 5326,0,71466,0,14;
 5326,0,74161,0,14;
 5326,0,76850,0,15;
 5326,0,79510,0,15;
 5326,0,81413,0,16;
 5326,0,83221,0,16;
 5326,0,85343,0,17;
 5326,0,87257,0,17 ><5327,0,463,0,0;
 5327,0,3163,0,0;
 5327,0,4987,0,0;
 5327,0,7882,0,1;
 5327,0,10654,0,2;
 5327,0,12065,0,2;
 5327,0,13603,0,2;
 5327,0,15158,0,3;
 5327,0,16445,0,3;
 5327,0,17355,0,3;
 5327,0,19423,0,3;
 5327,0,19423,0,3;
 5327,0,21831,0,4;
 5327,0,25938,0,5;
 5327,0,31050,0,6;
 5327,0,36085,0,7;
 5327,0,40050,0,8;
 5327,0,44737,0,8;
 5327,0,49672,0,9;
 5327,0,54218,0,10;
 5327,0,59478,0,11;
 5327,0,63168,0,12;
 5327,0,67077,0,13;
 5327,0,71450,0,14;
 5327,0,75397,0,15;
 5327,0,79725,0,15;
 5327,0,83962,0,16;
 5327,0,88473,0,17;
 5327,0,92992,0,18;
 5327,0,96094,0,19;
 5327,0,99368,0,19;
 5327,0,103009,0,20;
 5327,0,106475,0,21;
 5327,0,109800,0,21;
 5327,0,113474,0,22;
 5327,0,117101,0,23;
 5327,0,122942,0,24;
 5327,0,128830,0,25;
 5327,0,134472,0,26;
 5327,0,139156,0,27;
 5327,0,143835,0,28;
 5327,0,148714,0,29;
 5327,0,154394,0,30;
 5327,0,159387,0,31;
 5327,0,165179,0,33;
 5327,0,169642,0,33;
 5327,0,172703,0,34;
 5327,0,175634,0,35;
 5327,0,179820,0,35;
 5327,0,185768,0,37;
 5327,0,189069,0,37;
 5327,0,192747,0,38;
 5327,0,197018,0,39;
 5327,0,201034,0,40;
 5327,0,205432,0,41;
 5327,0,207815,0,41;
 5327,0,208448,0,41;
 5327,0,211167,0,42;
 5327,0,214484,0,42;
 5327,0,217484,0,43;
 5327,0,219727,0,43;
 5327,0,221793,0,44;
 5327,0,223907,0,44;
 5327,0,226915,0,45;
 5327,0,229233,0,45;
 5327,0,232415,0,46;
 5327,0,235145,0,47;
 5327,0,238859,0,47;
 5327,0,244342,0,48;
 5327,0,249319,0,49;
 5327,0,254052,0,50;
 5327,0,257242,0,51;
 5327,0,261620,0,52;
 5327,0,265183,0,53;
 5327,0,268061,0,53;
 5327,0,269923,0,53;
 5327,0,272171,0,54;
 5327,0,273541,0,54;
 5327,0,275479,0,55;
 5327,0,278122,0,55;
 5327,0,280101,0,56;
 5327,0,282940,0,56;
 5327,0,285751,0,57;
 5327,0,287751,0,57;
 5327,0,289668,0,57;
 5327,0,289810,0,57;
 5327,0,291082,0,58;
 5327,0,292634,0,58;
 5327,0,294518,0,58;
 5327,0,296789,0,59;
 5327,0,298724,0,59;
 5327,0,300543,0,60;
 5327,0,301746,0,60;
 5327,0,303137,0,60;
 5327,0,306826,0,61;
 5327,0,309174,0,61;
 5327,0,311269,0,62;
 5327,0,313179,0,62;
 5327,0,314750,0,62;
 5327,0,316015,0,63;
 5327,0,318046,0,63;
 5327,0,320282,0,64;
 5327,0,323034,0,64;
 5327,0,324720,0,64;
 5327,0,326387,0,65;
 5327,0,328975,0,65;
 5327,0,331401,0,66;
 5327,0,333903,0,66;
 5327,0,336111,0,67;
 5327,0,339009,0,67;
 5327,0,341059,0,68;
 5327,0,343533,0,68;
 5327,0,346155,0,69;
 5327,0,348400,0,69;
 5327,0,350399,0,70;
 5327,0,352450,0,70 ><5328,0,1325,0,0;
 5328,0,5183,0,1;
 5328,0,7667,0,1;
 5328,0,9217,0,1;
 5328,0,11352,0,2;
 5328,0,14436,0,2;
 5328,0,17978,0,3;
 5328,0,21375,0,4;
 5328,0,24537,0,4;
 5328,0,25597,0,5;
 5328,0,25749,0,5;
 5328,0,26734,0,5;
 5328,0,28492,0,5;
 5328,0,32050,0,6;
 5328,0,36392,0,7;
 5328,0,40564,0,8;
 5328,0,44537,0,8;
 5328,0,47911,0,9;
 5328,0,51637,0,10;
 5328,0,55359,0,11;
 5328,0,59125,0,11;
 5328,0,62636,0,12;
 5328,0,67019,0,13;
 5328,0,69749,0,13;
 5328,0,75155,0,15;
 5328,0,80297,0,16;
 5328,0,84269,0,16;
 5328,0,87645,0,17;
 5328,0,91967,0,18;
 5328,0,95512,0,19;
 5328,0,99608,0,19;
 5328,0,104003,0,20;
 5328,0,108426,0,21;
 5328,0,113393,0,22;
 5328,0,116269,0,23;
 5328,0,120806,0,24;
 5328,0,126500,0,25;
 5328,0,133099,0,26;
 5328,0,138345,0,27;
 5328,0,144089,0,28;
 5328,0,148973,0,29;
 5328,0,154844,0,30;
 5328,0,158442,0,31;
 5328,0,163239,0,32;
 5328,0,166585,0,33;
 5328,0,168203,0,33;
 5328,0,170189,0,34;
 5328,0,171606,0,34;
 5328,0,175054,0,35;
 5328,0,177942,0,35;
 5328,0,181006,0,36;
 5328,0,184713,0,36;
 5328,0,188336,0,37;
 5328,0,193093,0,38;
 5328,0,197679,0,39;
 5328,0,200456,0,40;
 5328,0,202027,0,40;
 5328,0,204928,0,40;
 5328,0,208110,0,41;
 5328,0,211458,0,42;
 5328,0,214124,0,42;
 5328,0,217564,0,43;
 5328,0,220150,0,44;
 5328,0,222690,0,44;
 5328,0,225791,0,45;
 5328,0,228649,0,45;
 5328,0,231704,0,46;
 5328,0,234351,0,46;
 5328,0,236490,0,47;
 5328,0,238419,0,47;
 5328,0,240950,0,48;
 5328,0,243517,0,48;
 5328,0,245296,0,49;
 5328,0,248551,0,49;
 5328,0,251398,0,50;
 5328,0,254134,0,50;
 5328,0,256775,0,51;
 5328,0,257793,0,51;
 5328,0,260236,0,52;
 5328,0,262989,0,52;
 5328,0,265818,0,53;
 5328,0,268341,0,53;
 5328,0,271549,0,54;
 5328,0,273769,0,54;
 5328,0,275617,0,55;
 5328,0,278234,0,55;
 5328,0,280194,0,56;
 5328,0,281082,0,56;
 5328,0,283417,0,56;
 5328,0,285657,1,57;
 5328,0,7076,0,1;
 5328,0,9502,0,1;
 5328,0,11842,0,2;
 5328,0,14499,0,2;
 5328,0,16548,0,3;
 5328,0,20419,0,4;
 5328,0,22701,0,4;
 5328,0,24826,0,4;
 5328,0,26338,0,5;
 5328,0,28433,0,5;
 5328,0,30812,0,6;
 5328,0,32437,0,6;
 5328,0,34478,0,6;
 5328,0,36407,0,7;
 5328,0,37605,0,7;
 5328,0,38932,0,7;
 5328,0,41300,0,8;
 5328,0,43969,0,8;
 5328,0,46062,0,9;
 5328,0,48675,0,9;
 5328,0,50176,0,10;
 5328,0,52488,0,10;
 5328,0,54922,0,10;
 5328,0,56898,0,11;
 5328,0,59122,0,11;
 5328,0,61649,0,12 ><5329,0,961,0,0;
 5329,0,5970,0,1;
 5329,0,7353,0,1;
 5329,0,11087,0,2;
 5329,0,14114,0,2;
 5329,0,16844,0,3;
 5329,0,19756,0,3;
 5329,0,23176,0,4;
 5329,0,25884,0,5;
 5329,0,27163,0,5;
 5329,0,27772,0,5;
 5329,0,27772,0,5;
 5329,0,30682,0,6;
 5329,0,32384,0,6;
 5329,0,34404,0,6;
 5329,0,36695,0,7;
 5329,0,39058,0,7;
 5329,0,41131,0,8;
 5329,0,42856,0,8;
 5329,0,45273,0,9;
 5329,0,49044,0,9;
 5329,0,53750,0,10;
 5329,0,58250,0,11;
 5329,0,62843,0,12;
 5329,0,66996,0,13;
 5329,0,72279,0,14;
 5329,0,76612,0,15;
 5329,0,81580,0,16;
 5329,0,86448,0,17;
 5329,0,89343,0,17;
 5329,0,94701,0,18;
 5329,0,100118,0,20;
 5329,0,105242,0,21;
 5329,0,109946,0,21;
 5329,0,114799,0,22;
 5329,0,119346,0,23;
 5329,0,125332,0,25;
 5329,0,130842,0,26;
 5329,0,136358,0,27;
 5329,0,142455,0,28;
 5329,0,146237,0,29;
 5329,0,152275,0,30;
 5329,0,158212,0,31;
 5329,0,161957,0,32;
 5329,0,167672,0,33;
 5329,0,171610,0,34;
 5329,0,175526,0,35;
 5329,0,179520,0,35;
 5329,0,183546,0,36;
 5329,0,187108,0,37;
 5329,0,190619,0,38;
 5329,0,194225,0,38;
 5329,0,198766,0,39;
 5329,0,202087,0,40;
 5329,0,206434,0,41;
 5329,0,209369,0,41;
 5329,0,210416,0,42;
 5329,0,213802,0,42;
 5329,0,217941,0,43;
 5329,0,221085,0,44;
 5329,0,223410,0,44;
 5329,0,226144,0,45;
 5329,0,229525,0,45;
 5329,0,232083,0,46;
 5329,0,235491,0,47;
 5329,0,238395,0,47;
 5329,0,241627,0,48;
 5329,0,244313,0,48;
 5329,0,246381,0,49;
 5329,0,250193,0,50;
 5329,0,252708,0,50;
 5329,0,254242,0,50;
 5329,0,255720,0,51;
 5329,0,256823,0,51;
 5329,0,258267,0,51;
 5329,0,260492,0,52;
 5329,0,263008,1,52;
 5329,0,7255,0,1;
 5329,0,10206,0,2;
 5329,0,12901,0,2;
 5329,0,15116,0,3;
 5329,0,15116,0,3;
 5329,0,15116,0,3;
 5329,0,15116,0,3;
 5329,0,16128,0,3;
 5329,0,18902,0,3;
 5329,0,22688,0,4;
 5329,0,24604,0,4;
 5329,0,27208,0,5;
 5329,0,29381,0,5;
 5329,0,29721,0,5;
 5329,0,32545,0,6;
 5329,0,34757,0,6;
 5329,0,36977,0,7;
 5329,0,39977,0,7;
 5329,0,42771,0,8;
 5329,0,44673,0,8;
 5329,0,45871,0,9;
 5329,0,47338,0,9;
 5329,0,50226,0,10;
 5329,0,51889,0,10;
 5329,0,53256,0,10;
 5329,0,55301,0,11;
 5329,0,57178,0,11;
 5329,0,59288,0,11;
 5329,0,62783,0,12;
 5329,0,63982,0,12;
 5329,0,65925,0,13;
 5329,0,67769,0,13;
 5329,0,69695,0,13;
 5329,0,71942,0,14;
 5329,0,74105,0,14;
 5329,0,76378,0,15;
 5329,0,78285,0,15;
 5329,0,80183,0,16;
 5329,0,82277,0,16 ><5330,0,1914,0,0;
 5330,0,6753,0,1;
 5330,0,7787,0,1;
 5330,0,10979,0,2;
 5330,0,13715,0,2;
 5330,0,16304,0,3;
 5330,0,19041,0,3;
 5330,0,21054,0,4;
 5330,0,23030,0,4;
 5330,0,24120,0,4;
 5330,0,25365,0,5;
 5330,0,27003,0,5;
 5330,0,29012,0,5;
 5330,0,33113,0,6;
 5330,0,37443,0,7;
 5330,0,40468,0,8;
 5330,0,44410,0,8;
 5330,0,47759,0,9;
 5330,0,52047,0,10;
 5330,0,55208,0,11;
 5330,0,57410,0,11;
 5330,0,58843,0,11;
 5330,0,60459,0,12;
 5330,0,63041,0,12;
 5330,0,64331,0,12;
 5330,0,65544,0,13;
 5330,0,66363,0,13;
 5330,0,68080,0,13;
 5330,0,69381,0,13;
 5330,0,71427,0,14;
 5330,0,73020,0,14;
 5330,0,74893,0,14;
 5330,0,76687,0,15;
 5330,0,78174,0,15;
 5330,0,79191,0,15;
 5330,0,81621,0,16;
 5330,0,87184,0,17;
 5330,0,93663,0,18;
 5330,0,98164,0,19;
 5330,0,103242,0,20;
 5330,0,108179,0,21;
 5330,0,113161,0,22;
 5330,0,119582,0,23;
 5330,0,125511,0,25;
 5330,0,129808,0,25;
 5330,0,134389,0,26;
 5330,0,139420,0,27;
 5330,0,143372,0,28;
 5330,0,146648,0,29;
 5330,0,151177,0,30;
 5330,0,154510,0,30;
 5330,0,157418,0,31;
 5330,0,161939,0,32;
 5330,0,166114,0,33;
 5330,0,170156,0,34;
 5330,0,173627,0,34;
 5330,0,174166,0,34;
 5330,0,176873,0,35;
 5330,0,179312,0,35;
 5330,0,183397,0,36;
 5330,0,185875,0,37;
 5330,0,188352,0,37;
 5330,0,190935,0,38;
 5330,0,193343,0,38;
 5330,0,195923,0,39;
 5330,0,198741,0,39;
 5330,0,200668,0,40;
 5330,0,204478,0,40;
 5330,0,206883,0,41;
 5330,0,210074,0,42;
 5330,0,213289,0,42;
 5330,0,216565,0,43;
 5330,0,219638,0,43;
 5330,0,222221,0,44;
 5330,0,225399,0,45;
 5330,0,227634,0,45;
 5330,0,230226,0,46;
 5330,0,231453,0,46;
 5330,0,233494,0,46;
 5330,0,235739,0,47;
 5330,0,238423,0,47;
 5330,0,240696,0,48;
 5330,0,243823,0,48;
 5330,0,245249,0,49;
 5330,0,247615,0,49;
 5330,0,249710,0,49;
 5330,0,252295,0,50;
 5330,0,254350,0,50;
 5330,0,256163,0,51;
 5330,0,258252,0,51;
 5330,0,259395,0,51;
 5330,0,261688,0,52;
 5330,0,263494,0,52;
 5330,0,265739,0,53;
 5330,0,266670,0,53;
 5330,0,269197,0,53;
 5330,0,271159,0,54;
 5330,0,273014,0,54;
 5330,0,274514,0,54;
 5330,0,276927,0,55;
 5330,0,279428,0,55;
 5330,0,281049,0,56;
 5330,0,282968,0,56;
 5330,0,284770,0,56;
 5330,0,286447,0,57;
 5330,0,289529,0,57;
 5330,0,292266,0,58;
 5330,0,294345,0,58;
 5330,0,296505,0,59;
 5330,0,298285,0,59;
 5330,0,300443,0,60;
 5330,0,302478,0,60;
 5330,0,305009,0,61;
 5330,0,306988,0,61;
 5330,0,308699,0,61;
 5330,0,310910,0,62 ><5331,0,1978,0,0;
 5331,0,5570,0,1;
 5331,0,8486,0,1;
 5331,0,11735,0,2;
 5331,0,13366,0,2;
 5331,0,14916,0,2;
 5331,0,16765,0,3;
 5331,0,18795,0,3;
 5331,0,20698,0,4;
 5331,0,23195,0,4;
 5331,0,26406,0,5;
 5331,0,29750,0,5;
 5331,0,32815,0,6;
 5331,0,37008,0,7;
 5331,0,42211,0,8;
 5331,0,47340,0,9;
 5331,0,52138,0,10;
 5331,0,56666,0,11;
 5331,0,61914,0,12;
 5331,0,65456,0,13;
 5331,0,70291,0,14;
 5331,0,75081,0,15;
 5331,0,78049,0,15;
 5331,0,82546,0,16;
 5331,0,86918,0,17;
 5331,0,91851,0,18;
 5331,0,96847,0,19;
 5331,0,100927,0,20;
 5331,0,105931,0,21;
 5331,0,109486,0,21;
 5331,0,113820,0,22;
 5331,0,118994,0,23;
 5331,0,123362,0,24;
 5331,0,127193,0,25;
 5331,0,131685,0,26;
 5331,0,136801,0,27;
 5331,0,142491,0,28;
 5331,0,148626,0,29;
 5331,0,154221,0,30;
 5331,0,160214,0,32;
 5331,0,165380,0,33;
 5331,0,169773,0,33;
 5331,0,174742,0,34;
 5331,0,177187,0,35;
 5331,0,181011,0,36;
 5331,0,184523,0,36;
 5331,0,186916,0,37;
 5331,0,189794,0,37;
 5331,0,192513,0,38;
 5331,0,194986,0,38;
 5331,0,199715,0,39;
 5331,0,204062,0,40;
 5331,0,207643,0,41;
 5331,0,211109,0,42;
 5331,0,216280,0,43;
 5331,0,218705,0,43;
 5331,0,219110,0,43;
 5331,0,221790,0,44;
 5331,0,224525,0,44;
 5331,0,227716,0,45;
 5331,0,230663,0,46;
 5331,0,233143,0,46;
 5331,0,236700,0,47;
 5331,0,239868,0,47;
 5331,0,242462,0,48;
 5331,0,246688,0,49;
 5331,0,249759,0,49;
 5331,0,253111,0,50;
 5331,0,255523,0,51;
 5331,0,257584,0,51;
 5331,0,260323,0,52;
 5331,0,263794,0,52;
 5331,0,266302,0,53;
 5331,0,268845,0,53;
 5331,0,271393,0,54;
 5331,0,275854,0,55;
 5331,0,278601,0,55;
 5331,0,279954,0,55;
 5331,0,282059,0,56;
 5331,0,283919,0,56;
 5331,0,286432,0,57;
 5331,0,289625,0,57;
 5331,0,292157,0,58;
 5331,0,294574,0,58;
 5331,0,297035,0,59;
 5331,0,299253,0,59;
 5331,0,301885,0,60;
 5331,0,303883,0,60;
 5331,0,306540,0,61;
 5331,0,308728,0,61;
 5331,0,310385,0,62;
 5331,0,312539,0,62;
 5331,0,314098,0,62;
 5331,0,316602,0,63;
 5331,0,319555,0,63;
 5331,0,322074,0,64;
 5331,0,324153,0,64;
 5331,0,325595,0,65;
 5331,0,327450,0,65;
 5331,0,329774,0,65;
 5331,0,332612,0,66;
 5331,0,334358,1,66;
 5331,0,2956,0,0;
 5331,0,5299,0,1;
 5331,0,7725,0,1;
 5331,0,9600,0,1;
 5331,0,12408,0,2;
 5331,0,15608,0,3;
 5331,0,18381,0,3;
 5331,0,21571,0,4;
 5331,0,24479,0,4;
 5331,0,27272,0,5;
 5331,0,30753,0,6;
 5331,0,33181,0,6;
 5331,0,35181,0,7;
 5331,0,37126,0,7 ><5332,0,432,0,0;
 5332,0,5527,0,1;
 5332,0,7298,0,1;
 5332,0,9206,0,1;
 5332,0,10963,0,2;
 5332,0,13368,0,2;
 5332,0,16223,0,3;
 5332,0,19257,0,3;
 5332,0,21697,0,4;
 5332,0,24464,0,4;
 5332,0,27144,0,5;
 5332,0,29955,0,5;
 5332,0,33372,0,6;
 5332,0,37657,0,7;
 5332,0,43094,0,8;
 5332,0,47837,0,9;
 5332,0,52209,0,10;
 5332,0,56062,0,11;
 5332,0,59972,0,11;
 5332,0,64158,0,12;
 5332,0,68264,0,13;
 5332,0,73335,0,14;
 5332,0,78417,0,15;
 5332,0,83547,0,16;
 5332,0,88523,0,17;
 5332,0,93003,0,18;
 5332,0,97610,0,19;
 5332,0,102384,0,20;
 5332,0,107681,0,21;
 5332,0,111923,0,22;
 5332,0,117333,0,23;
 5332,0,121281,0,24;
 5332,0,125817,0,25;
 5332,0,129855,0,25;
 5332,0,134839,0,26;
 5332,0,139450,0,27;
 5332,0,144326,0,28;
 5332,0,149035,0,29;
 5332,0,153326,0,30;
 5332,0,158641,0,31;
 5332,0,163052,0,32;
 5332,0,167918,0,33;
 5332,0,173057,0,34;
 5332,0,176899,0,35;
 5332,0,181788,0,36;
 5332,0,185368,1,37;
 5332,0,11851,0,2;
 5332,0,15243,0,3;
 5332,0,18891,0,3;
 5332,0,22016,0,4;
 5332,0,25561,0,5;
 5332,0,29220,0,5;
 5332,0,33314,0,6;
 5332,0,37059,0,7;
 5332,0,41595,0,8;
 5332,0,45733,0,9;
 5332,0,46771,0,9;
 5332,0,49980,0,9;
 5332,0,52724,0,10;
 5332,0,55042,0,11;
 5332,0,57828,0,11;
 5332,0,60407,0,12;
 5332,0,62945,0,12;
 5332,0,65242,0,13;
 5332,0,68467,0,13;
 5332,0,71638,0,14;
 5332,0,74556,0,14;
 5332,0,75481,0,15;
 5332,0,76999,0,15;
 5332,0,78639,0,15;
 5332,0,80177,0,16;
 5332,0,81420,0,16;
 5332,0,82338,0,16;
 5332,0,84929,0,16;
 5332,0,87752,0,17;
 5332,0,89761,0,17;
 5332,0,92163,0,18;
 5332,0,93807,0,18;
 5332,0,96539,0,19;
 5332,0,99301,0,19;
 5332,0,102605,0,20;
 5332,0,105053,0,21;
 5332,0,107565,0,21;
 5332,0,110030,0,22;
 5332,0,112186,0,22;
 5332,0,114575,0,22;
 5332,0,117102,0,23;
 5332,0,118845,0,23;
 5332,0,121194,0,24;
 5332,0,123160,0,24;
 5332,0,125031,0,25;
 5332,0,127412,0,25;
 5332,0,128606,0,25;
 5332,0,130639,0,26;
 5332,0,132357,0,26;
 5332,0,134457,0,26;
 5332,0,136275,0,27;
 5332,0,137957,0,27;
 5332,0,139780,0,27;
 5332,0,142802,0,28;
 5332,0,146721,0,29;
 5332,0,148375,0,29;
 5332,0,150696,0,30;
 5332,0,152696,0,30;
 5332,0,153972,0,30;
 5332,0,157254,0,31;
 5332,0,159282,0,31;
 5332,0,162135,0,32;
 5332,0,164121,0,32;
 5332,0,166831,0,33;
 5332,0,168848,0,33;
 5332,0,171336,0,34;
 5332,0,173604,0,34;
 5332,0,175490,0,35;
 5332,0,177928,0,35;
 5332,0,180159,0,36 ><5333,0,871,0,0;
 5333,0,4733,0,0;
 5333,0,6786,0,1;
 5333,0,10061,0,2;
 5333,0,12544,0,2;
 5333,0,14259,0,2;
 5333,0,16174,0,3;
 5333,0,17339,0,3;
 5333,0,18307,0,3;
 5333,0,19741,0,3;
 5333,0,22418,0,4;
 5333,0,26267,0,5;
 5333,0,28409,0,5;
 5333,0,32314,0,6;
 5333,0,35709,0,7;
 5333,0,39692,0,7;
 5333,0,43677,0,8;
 5333,0,47239,0,9;
 5333,0,52644,0,10;
 5333,0,57502,0,11;
 5333,0,62382,0,12;
 5333,0,67428,0,13;
 5333,0,72655,0,14;
 5333,0,76831,0,15;
 5333,0,81968,0,16;
 5333,0,85994,0,17;
 5333,0,89622,0,17;
 5333,0,94072,0,18;
 5333,0,98802,0,19;
 5333,0,102980,0,20;
 5333,0,107346,0,21;
 5333,0,111887,0,22;
 5333,0,116152,0,23;
 5333,0,120743,0,24;
 5333,0,125271,0,25;
 5333,0,129739,0,25;
 5333,0,134555,0,26;
 5333,0,138427,0,27;
 5333,0,142761,0,28;
 5333,0,147064,0,29;
 5333,0,151198,0,30;
 5333,0,155523,0,31;
 5333,0,160049,0,32;
 5333,0,164913,0,32;
 5333,0,169141,0,33;
 5333,0,172869,0,34;
 5333,0,176193,0,35;
 5333,0,179795,0,35;
 5333,0,183497,0,36;
 5333,0,186369,0,37;
 5333,0,191011,0,38;
 5333,0,194568,0,38;
 5333,0,198995,0,39;
 5333,0,202349,0,40;
 5333,0,206107,0,41;
 5333,0,209805,0,41;
 5333,0,211413,0,42;
 5333,0,214325,0,42;
 5333,0,217415,0,43;
 5333,0,220441,0,44;
 5333,0,223064,0,44;
 5333,0,225937,0,45;
 5333,0,229843,0,45;
 5333,0,232663,0,46;
 5333,0,234733,0,46;
 5333,0,237944,0,47;
 5333,0,241209,0,48;
 5333,0,244556,0,48;
 5333,0,247625,0,49;
 5333,0,250797,0,50;
 5333,0,254621,0,50;
 5333,0,256660,0,51;
 5333,0,258418,0,51;
 5333,0,261244,0,52;
 5333,0,263580,0,52;
 5333,0,265585,0,53;
 5333,0,268426,0,53;
 5333,0,269827,0,53;
 5333,0,272309,0,54;
 5333,0,274924,0,54;
 5333,0,276850,0,55;
 5333,0,279666,0,55;
 5333,0,283373,0,56;
 5333,0,285283,0,57;
 5333,0,287714,0,57;
 5333,0,291122,0,58;
 5333,0,293231,0,58;
 5333,0,294981,0,58;
 5333,0,296976,0,59;
 5333,0,298834,0,59;
 5333,0,300985,0,60;
 5333,0,302424,0,60;
 5333,0,304303,0,60;
 5333,0,307049,0,61;
 5333,0,309438,0,61;
 5333,0,311478,0,62;
 5333,0,314037,0,62;
 5333,0,316610,0,63;
 5333,0,318358,0,63;
 5333,0,320534,0,64;
 5333,0,321981,0,64;
 5333,0,324017,0,64;
 5333,0,326262,0,65;
 5333,0,327711,0,65;
 5333,0,329694,0,65;
 5333,0,332002,0,66;
 5333,0,334496,0,66;
 5333,0,336212,0,67;
 5333,0,337879,0,67;
 5333,0,339786,0,67;
 5333,0,341331,0,68;
 5333,0,342004,0,68;
 5333,0,343654,0,68;
 5333,0,345631,0,69;
 5333,0,347549,0,69;
 5333,0,347549,0,69 >