    0      0.0000      0.0000      0.0000
    1      0.0057      0.0000      0.0100
    2      0.0057      0.0057      0.0100
    3      0.0057      0.0057      0.0099
    4      0.0056      0.0057      0.0099
    5      0.0056      0.0056      0.0098
    6      0.0056      0.0056      0.0098
    7      0.0056      0.0056      0.0097
    8      0.0055      0.0056      0.0097
    9      0.0055      0.0055      0.0096
   10      0.0055      0.0055      0.0095
   11      0.0055      0.0055      0.0095
   12      0.0055      0.0055      0.0094
   13      0.0054      0.0055      0.0094
   14      0.0054      0.0054      0.0093
   15      0.0054      0.0054      0.0093
   16      0.0054      0.0054      0.0092
   17      0.0053      0.0054      0.0092
   18      0.0053      0.0053      0.0091
   19      0.0053      0.0053      0.0091
   20      0.0053      0.0053      0.0090
   21      0.0053      0.0053      0.0090
   22      0.0052      0.0053      0.0089
   23      0.0052      0.0052      0.0088
   24      0.0052      0.0052      0.0088
   25      0.0052      0.0052      0.0087
   26      0.0051      0.0052      0.0087
   27      0.0051      0.0051      0.0086
   28      0.0051      0.0051      0.0086
   29      0.0051      0.0051      0.0085
   30      0.0051      0.0051      0.0085
   31      0.0050      0.0051      0.0084
   32      0.0050      0.0050      0.0084
   33      0.0050      0.0050      0.0083
   34      0.0050      0.0050      0.0083
   35      0.0050      0.0050      0.0082
   36      0.0049      0.0050      0.0082
   37      0.0049      0.0049      0.0081
   38      0.0049      0.0049      0.0081
   39      0.0049      0.0049      0.0080
   40      0.0049      0.0049      0.0080
   41      0.0048      0.0049      0.0079
   42      0.0048      0.0048      0.0079
   43      0.0048      0.0048      0.0078
   44      0.0048      0.0048      0.0078
   45      0.0048      0.0048      0.0077
   46      0.0047      0.0048      0.0077
   47      0.0047      0.0047      0.0077
   48      0.0047      0.0047      0.0076
   49      0.0047      0.0047      0.0076
   50      0.0047      0.0047      0.0075
   51      0.0046      0.0047      0.0075
   52      0.0046      0.0046      0.0074
   53      0.0046      0.0046      0.0074
   54      0.0046      0.0046      0.0073
   55      0.0046      0.0046      0.0073
   56      0.0045      0.0046      0.0072
   57      0.0045      0.0045      0.0072
   58      0.0045      0.0045      0.0071
   59      0.0045      0.0045      0.0071
   60      0.0045      0.0045      0.0071
   61      0.0044      0.0045      0.0070
   62      0.0083      0.0044      0.0130
   63      0.0082      0.0083      0.0128
   64      0.0081      0.0082      0.0126
   65      0.0080      0.0081      0.0124
   66      0.0079      0.0080      0.0121
   67      0.0078      0.0079      0.0119
   68      0.0077      0.0078      0.0117
   69      0.0076      0.0077      0.0115
   70      0.0075      0.0076      0.0113
   71      0.0074      0.0075      0.0111
   72      0.0073      0.0074      0.0109
   73      0.0072      0.0073      0.0107
   74      0.0071      0.0072      0.0105
   75      0.0070      0.0071      0.0103
   76      0.0069      0.0070      0.0101
   77      0.0068      0.0069      0.0099
   78      0.0067      0.0068      0.0098
   79      0.0066      0.0067      0.0096
   80      0.0066      0.0066      0.0094
   81      0.0065      0.0066      0.0093
   82      0.0064      0.0065      0.0091
   83      0.0063      0.0064      0.0089
   84      0.0062      0.0063      0.0088
   85      0.0062      0.0062      0.0086
   86      0.0061      0.0062      0.0085
   87      0.0060      0.0061      0.0083
   88      0.0059      0.0060      0.0082
   89      0.0058      0.0059      0.0080
   90      0.0058      0.0058      0.0079
   91      0.0057      0.0058      0.0077
   92      0.0056      0.0057      0.0076
   93      0.0055      0.0056      0.0075
   94      0.0055      0.0055      0.0073
   95      0.0054      0.0055      0.0072
   96      0.0053      0.0054      0.0071
   97      0.0053      0.0053      0.0069
   98      0.0052      0.0053      0.0068
   99      0.0051      0.0052      0.0067
  100      0.0051      0.0051      0.0066
  101      0.0050      0.0051      0.0065
  102      0.0049      0.0050      0.0063
  103      0.0049      0.0049      0.0062
  104      0.0048      0.0049      0.0061
  105      0.0047      0.0048      0.0060
  106      0.0047      0.0047      0.0059
  107      0.0046      0.0047      0.0058
  108      0.0045      0.0046      0.0057
  109      0.0045      0.0045      0.0056
  110      0.0044      0.0045      0.0055
  111      0.0044      0.0044      0.0054
  112      0.0043      0.0044      0.0053
  113      0.0043      0.0043      0.0052
  114      0.0042      0.0043      0.0051
  115      0.0050      0.0042      0.0050
  116      0.0049      0.0050      0.0050
  117      0.0048      0.0049      0.0049
  118      0.0047      0.0048      0.0048
  119      0.0046      0.0047      0.0047
  120      0.0045      0.0046      0.0046
  121      0.0044      0.0045      0.0045
  122      0.0043      0.0044      0.0044
  123      0.0043      0.0043      0.0043
  124      0.0042      0.0043      0.0042
  125      0.0041      0.0042      0.0042
  126      0.0040      0.0041      0.0041
  127      0.0039      0.0040      0.0040
  128      0.0039      0.0039      0.0039
  129      0.0038      0.0039      0.0038
  130      0.0037      0.0038      0.0038
  131      0.0037      0.0037      0.0037
  132      0.0036      0.0037      0.0036
  133      0.0035      0.0036      0.0036
  134      0.0035      0.0035      0.0035
  135      0.0034      0.0035      0.0034
  136      0.0033      0.0034      0.0034
  137      0.0033      0.0033      0.0033
  138      0.0032      0.0033      0.0033
  139      0.0032      0.0032      0.0032
  140      0.0031      0.0032      0.0031
  141      0.0030      0.0031      0.0031
  142      0.0030      0.0030      0.0030
  143      0.0029      0.0030      0.0030
  144      0.0029      0.0029      0.0029
  145      0.0028      0.0029      0.0029
  146      0.0028      0.0028      0.0028
  147      0.0027      0.0028      0.0028
  148      0.0027      0.0027      0.0027
  149      0.0026      0.0027      0.0027
  150      0.0026      0.0026      0.0026
  151      0.0026      0.0026      0.0026
  152      0.0025      0.0026      0.0025
  153      0.0025      0.0025      0.0025
  154      0.0024      0.0025      0.0025
  155      0.0024      0.0024      0.0024
  156      0.0023      0.0024      0.0024
  157      0.0023      0.0023      0.0023
  158      0.0023      0.0023      0.0023
  159      0.0022      0.0023      0.0023
  160      0.0022      0.0022      0.0022
  161      0.0022      0.0022      0.0022
  162      0.0021      0.0022      0.0021
  163      0.0021      0.0021      0.0021
  164      0.0021      0.0021      0.0021
  165      0.0020      0.0021      0.0020
  166      0.0020      0.0020      0.0020
  167      0.0020      0.0020      0.0020
  168      0.0019      0.0020      0.0019
  169      0.0019      0.0019      0.0019
  170      0.0019      0.0019      0.0019
  171      0.0018      0.0019      0.0018
  172      0.0018      0.0018      0.0018
  173      0.0018      0.0018      0.0018
  174      0.0017      0.0018      0.0018
  175      0.0017      0.0017      0.0017
  176      0.0017      0.0017      0.0017
  177      0.0017      0.0017      0.0017
  178      0.0016      0.0017      0.0017
  179      0.0016      0.0016      0.0016
  180      0.0016      0.0016      0.0016
  181      0.0016      0.0016      0.0016
  182      0.0015      0.0016      0.0016
  183      0.0015      0.0015      0.0015
  184      0.0015      0.0015      0.0015
  185      0.0015      0.0015      0.0015
  186      0.0014      0.0015      0.0015
  187      0.0014      0.0014      0.0014
  188      0.0014      0.0014      0.0014
  189      0.0014      0.0014      0.0014
  190      0.0014      0.0014      0.0014
  191      0.0013      0.0014      0.0014
  192      0.0013      0.0013      0.0013
  193      0.0013      0.0013      0.0013
  194      0.0013      0.0013      0.0013
  195      0.0013      0.0013      0.0013
  196      0.0012      0.0013      0.0013
  197      0.0012      0.0012      0.0012
  198      0.0012      0.0012      0.0012
  199      0.0012      0.0012      0.0012
  200      0.0012      0.0012      0.0012
  201      0.0012      0.0012      0.0012
  202      0.0011      0.0012      0.0012
  203      0.0011      0.0011      0.0011
  204      0.0011      0.0011      0.0011
  205      0.0011      0.0011      0.0011
  206      0.0011      0.0011      0.0011
  207      0.0011      0.0011      0.0011
  208      0.0010      0.0011      0.0011
  209      0.0010      0.0010      0.0010
  210      0.0010      0.0010      0.0010
  211      0.0010      0.0010      0.0010
  212      0.0010      0.0010      0.0010
  213      0.0010      0.0010      0.0010
  214      0.0010      0.0010      0.0010
  215      0.0009      0.0010      0.0010
  216      0.0009      0.0009      0.0009
  217      0.0009      0.0009      0.0009
  218      0.0009      0.0009      0.0009
  219      0.0009      0.0009      0.0009
  220      0.0009      0.0009      0.0009
  221      0.0009      0.0009      0.0009
  222      0.0009      0.0009      0.0009
  223      0.0009      0.0009      0.0009
  224      0.0008      0.0009      0.0008
  225      0.0008      0.0008      0.0008
  226      0.0008      0.0008      0.0008
  227      0.0008      0.0008      0.0008
  228      0.0008      0.0008      0.0008
  229      0.0008      0.0008      0.0008
  230      0.0008      0.0008      0.0008
  231      0.0008      0.0008      0.0008
  232      0.0008      0.0008      0.0008
  233      0.0007      0.0008      0.0007
  234      0.0007      0.0007      0.0007
  235      0.0007      0.0007      0.0007
  236      0.0007      0.0007      0.0007
  237      0.0007      0.0007      0.0007
  238      0.0007      0.0007      0.0007
  239      0.0007      0.0007      0.0007
  240      0.0007      0.0007      0.0007
  241      0.0007      0.0007      0.0007
  242      0.0007      0.0007      0.0007
  243      0.0007      0.0007      0.0007
  244      0.0006      0.0007      0.0006
  245      0.0006      0.0006      0.0006
  246      0.0006      0.0006      0.0006
  247      0.0006      0.0006      0.0006
  248      0.0006      0.0006      0.0006
  249      0.0006      0.0006      0.0006
  250      0.0006      0.0006      0.0006
  251      0.0006      0.0006      0.0006
  252      0.0006      0.0006      0.0006
  253      0.0006      0.0006      0.0006
  254      0.0006      0.0006      0.0006
  255      0.0006      0.0006      0.0006
  256      0.0006      0.0006      0.0006
  257      0.0005      0.0006      0.0006
  258      0.0005      0.0005      0.0005
  259      0.0005      0.0005      0.0005
  260      0.0005      0.0005      0.0005
  261      0.0005      0.0005      0.0005
  262      0.0005      0.0005      0.0005
  263      0.0005      0.0005      0.0005
  264      0.0005      0.0005      0.0005
  265      0.0005      0.0005      0.0005
  266      0.0005      0.0005      0.0005
  267      0.0005      0.0005      0.0005
  268      0.0005      0.0005      0.0005
  269      0.0005      0.0005      0.0005
  270      0.0005      0.0005      0.0005
  271      0.0005      0.0005      0.0005
  272      0.0005      0.0005      0.0005
  273      0.0005      0.0005      0.0005
  274      0.0004      0.0005      0.0004
  275      0.0004      0.0004      0.0004
  276      0.0004      0.0004      0.0004
  277      0.0004      0.0004      0.0004
  278      0.0004      0.0004      0.0004
  279      0.0004      0.0004      0.0004
  280      0.0004      0.0004      0.0004
  281      0.0004      0.0004      0.0004
  282      0.0004      0.0004      0.0004
  283      0.0004      0.0004      0.0004
  284      0.0004      0.0004      0.0004
  285      0.0004      0.0004      0.0004
  286      0.0004      0.0004      0.0004
  287      0.0004      0.0004      0.0004
  288      0.0004      0.0004      0.0004
  289      0.0004      0.0004      0.0004
  290      0.0004      0.0004      0.0004
  291      0.0004      0.0004      0.0004
  292      0.0004      0.0004      0.0004
  293      0.0004      0.0004      0.0004
  294      0.0004      0.0004      0.0004
  295      0.0004      0.0004      0.0004
  296      0.0003      0.0004      0.0003
  297      0.0003      0.0003      0.0003
  298      0.0003      0.0003      0.0003
  299      0.0003      0.0003      0.0003
  300      0.0003      0.0003      0.0003
  301      0.0003      0.0003      0.0003
  302      0.0003      0.0003      0.0003
  303      0.0003      0.0003      0.0003
  304      0.0003      0.0003      0.0003
  305      0.0003      0.0003      0.0003
  306      0.0003      0.0003      0.0003
  307      0.0003      0.0003      0.0003
  308      0.0003      0.0003      0.0003
  309      0.0003      0.0003      0.0003
  310      0.0003      0.0003      0.0003
  311      0.0003      0.0003      0.0003
  312      0.0003      0.0003      0.0003
  313      0.0003      0.0003      0.0003
  314      0.0003      0.0003      0.0003
  315      0.0003      0.0003      0.0003
  316      0.0003      0.0003      0.0003
  317      0.0003      0.0003      0.0003
  318      0.0003      0.0003      0.0003
  319      0.0003      0.0003      0.0003
  320      0.0003      0.0003      0.0003
  321      0.0003      0.0003      0.0003
  322      0.0003      0.0003      0.0003
  323      0.0003      0.0003      0.0003
  324      0.0003      0.0003      0.0003
  325      0.0003      0.0003      0.0003
  326      0.0002      0.0003      0.0003
  327      0.0002      0.0002      0.0002
  328      0.0002      0.0002      0.0002
  329      0.0002      0.0002      0.0002
  330      0.0002      0.0002      0.0002
  331      0.0002      0.0002      0.0002
  332      0.0002      0.0002      0.0002
  333      0.0002      0.0002      0.0002
  334      0.0002      0.0002      0.0002
  335      0.0002      0.0002      0.0002
  336      0.0002      0.0002      0.0002
  337      0.0002      0.0002      0.0002
  338      0.0002      0.0002      0.0002
  339      0.0002      0.0002      0.0002
  340      0.0002      0.0002      0.0002
  341      0.0002      0.0002      0.0002
  342      0.0002      0.0002      0.0002
  343      0.0002      0.0002      0.0002
  344      0.0002      0.0002      0.0002
  345      0.0002      0.0002      0.0002
  346      0.0002      0.0002      0.0002
  347      0.0002      0.0002      0.0002
  348      0.0002      0.0002      0.0002
  349      0.0002      0.0002      0.0002
  350      0.0002      0.0002      0.0002
  351      0.0002      0.0002      0.0002
  352      0.0002      0.0002      0.0002
  353      0.0002      0.0002      0.0002
  354      0.0002      0.0002      0.0002
  355      0.0002      0.0002      0.0002
  356      0.0002      0.0002      0.0002
  357      0.0002      0.0002      0.0002
  358      0.0002      0.0002      0.0002
  359      0.0002      0.0002      0.0002
  360      0.0002      0.0002      0.0002
  361      0.0002      0.0002      0.0002
  362      0.0002      0.0002      0.0002
  363      0.0002      0.0002      0.0002
  364      0.0002      0.0002      0.0002
  365      0.0002      0.0002      0.0002
  366      0.0002      0.0002      0.0002
  367      0.0002      0.0002      0.0002
  368      0.0002      0.0002      0.0002
  369      0.0002      0.0002      0.0002
  370      0.0002      0.0002      0.0002
  371      0.0002      0.0002      0.0002
  372      0.0002      0.0002      0.0002
  373      0.0002      0.0002      0.0002
  374      0.0002      0.0002      0.0002
  375      0.0002      0.0002      0.0002
  376      0.0001      0.0002      0.0001
  377      0.0001      0.0001      0.0001
  378      0.0001      0.0001      0.0001
  379      0.0001      0.0001      0.0001
  380      0.0001      0.0001      0.0001
  381      0.0001      0.0001      0.0001
  382      0.0001      0.0001      0.0001
  383      0.0001      0.0001      0.0001
  384      0.0001      0.0001      0.0001
  385      0.0001      0.0001      0.0001
  386      0.0001      0.0001      0.0001
  387      0.0001      0.0001      0.0001
  388      0.0001      0.0001      0.0001
  389      0.0001      0.0001      0.0001
  390      0.0001      0.0001      0.0001
  391      0.0001      0.0001      0.0001
  392      0.0001      0.0001      0.0001
  393      0.0001      0.0001      0.0001
  394      0.0001      0.0001      0.0001
  395      0.0001      0.0001      0.0001
  396      0.0001      0.0001      0.0001
  397      0.0001      0.0001      0.0001
  398      0.0001      0.0001      0.0001
  399      0.0001      0.0001      0.0001
  400      0.0001      0.0001      0.0001
  401      0.0001      0.0001      0.0001
  402      0.0001      0.0001      0.0001
  403      0.0001      0.0001      0.0001
  404      0.0001      0.0001      0.0001
  405      0.0001      0.0001      0.0001
  406      0.0001      0.0001      0.0001
  407      0.0001      0.0001      0.0001
  408      0.0001      0.0001      0.0001
  409      0.0001      0.0001      0.0001
  410      0.0001      0.0001      0.0001
  411      0.0001      0.0001      0.0001
  412      0.0001      0.0001      0.0001
  413      0.0001      0.0001      0.0001
  414      0.0001      0.0001      0.0001
  415      0.0001      0.0001      0.0001
  416      0.0001      0.0001      0.0001
  417      0.0001      0.0001      0.0001
  418      0.0001      0.0001      0.0001
  419      0.0001      0.0001      0.0001
  420      0.0001      0.0001      0.0001
  421      0.0001      0.0001      0.0001
  422      0.0001      0.0001      0.0001
  423      0.0001      0.0001      0.0001
  424      0.0001      0.0001      0.0001
  425      0.0001      0.0001      0.0001
  426      0.0001      0.0001      0.0001
  427      0.0001      0.0001      0.0001
  428      0.0001      0.0001      0.0001
  429      0.0001      0.0001      0.0001
  430      0.0001      0.0001      0.0001
  431      0.0001      0.0001      0.0001
  432      0.0001      0.0001      0.0001
  433      0.0001      0.0001      0.0001
  434      0.0001      0.0001      0.0001
  435      0.0001      0.0001      0.0001
  436      0.0001      0.0001      0.0001
  437      0.0001      0.0001      0.0001
  438      0.0001      0.0001      0.0001
  439      0.0001      0.0001      0.0001
  440      0.0001      0.0001      0.0001
  441      0.0001      0.0001      0.0001
  442      0.0001      0.0001      0.0001
  443      0.0001      0.0001      0.0001
  444      0.0001      0.0001      0.0001
  445      0.0001      0.0001      0.0001
  446      0.0001      0.0001      0.0001
  447      0.0001      0.0001      0.0001
  448      0.0001      0.0001      0.0001
  449      0.0001      0.0001      0.0001
  450      0.0001      0.0001      0.0001
  451      0.0001      0.0001      0.0001
  452      0.0001      0.0001      0.0001
  453      0.0001      0.0001      0.0001
  454      0.0001      0.0001      0.0001
  455      0.0001      0.0001      0.0001
  456      0.0001      0.0001      0.0001
  457      0.0001      0.0001      0.0001
  458      0.0001      0.0001      0.0001
  459      0.0001      0.0001      0.0001
  460      0.0001      0.0001      0.0001
  461      0.0001      0.0001      0.0001
  462      0.0001      0.0001      0.0001
  463      0.0001      0.0001      0.0001
  464      0.0001      0.0001      0.0001
  465      0.0001      0.0001      0.0001
  466      0.0001      0.0001      0.0001
  467      0.0001      0.0001      0.0001
  468      0.0001      0.0001      0.0001
  469      0.0001      0.0001      0.0001
  470      0.0001      0.0001      0.0001
  471      0.0001      0.0001      0.0001
  472      0.0001      0.0001      0.0001
  473      0.0001      0.0001      0.0001
  474      0.0001      0.0001      0.0001
  475      0.0001      0.0001      0.0001
  476      0.0001      0.0001      0.0001
  477      0.0001      0.0001      0.0001
  478      0.0001      0.0001      0.0001
  479      0.0001      0.0001      0.0001
  480      0.0001      0.0001      0.0001
  481      0.0001      0.0001      0.0001
  482      0.0001      0.0001      0.0001
  483      0.0001      0.0001      0.0001
  484      0.0001      0.0001      0.0001
  485      0.0001      0.0001      0.0001
  486      0.0001      0.0001      0.0001
  487      0.0001      0.0001      0.0001
  488      0.0001      0.0001      0.0001
  489      0.0001      0.0001      0.0001
  490      0.0000      0.0001      0.0000
  491      0.0000      0.0000      0.0000
  492      0.0000      0.0000      0.0000
  493      0.0000      0.0000      0.0000
  494      0.0000      0.0000      0.0000
  495      0.0000      0.0000      0.0000
  496      0.0000      0.0000      0.0000
  497      0.0000      0.0000      0.0000
  498      0.0000      0.0000      0.0000
  499      0.0000      0.0000      0.0000
  500      0.0000      0.0000      0.0000
  501      0.0000      0.0000      0.0000
  502      0.0000      0.0000      0.0000
  503      0.0000      0.0000      0.0000
  504      0.0000      0.0000      0.0000
  505      0.0000      0.0000      0.0000
  506      0.0000      0.0000      0.0000
  507      0.0000      0.0000      0.0000
  508      0.0000      0.0000      0.0000
  509      0.0000      0.0000      0.0000
  510      0.0000      0.0000      0.0000
  511      0.0000      0.0000      0.0000
  512      0.0000      0.0000      0.0000
  513      0.0000      0.0000      0.0000
  514      0.0000      0.0000      0.0000
  515      0.0000      0.0000      0.0000
  516      0.0000      0.0000      0.0000
  517      0.0000      0.0000      0.0000
  518      0.0000      0.0000      0.0000
  519      0.0000      0.0000      0.0000
  520      0.0000      0.0000      0.0000
  521      0.0000      0.0000      0.0000
  522      0.0000      0.0000      0.0000
  523      0.0000      0.0000      0.0000
  524      0.0000      0.0000      0.0000
  525      0.0000      0.0000      0.0000
  526      0.0000      0.0000      0.0000
  527      0.0000      0.0000      0.0000
  528      0.0000      0.0000      0.0000
  529      0.0000      0.0000      0.0000
  530      0.0000      0.0000      0.0000
  531      0.0000      0.0000      0.0000
  532      0.0000      0.0000      0.0000
  533      0.0000      0.0000      0.0000
  534      0.0000      0.0000      0.0000
  535      0.0000      0.0000      0.0000
  536      0.0000      0.0000      0.0000
  537      0.0000      0.0000      0.0000
  538      0.0000      0.0000      0.0000
  539      0.0000      0.0000      0.0000
  540      0.0000      0.0000      0.0000
  541      0.0000      0.0000      0.0000
  542      0.0000      0.0000      0.0000
  543      0.0000      0.0000      0.0000
  544      0.0000      0.0000      0.0000
  545      0.0000      0.0000      0.0000
  546      0.0000      0.0000      0.0000
  547      0.0000      0.0000      0.0000
  548      0.0000      0.0000      0.0000
  549      0.0000      0.0000      0.0000
  550      0.0000      0.0000      0.0000
  551      0.0000      0.0000      0.0000
  552      0.0000      0.0000      0.0000
  553      0.0000      0.0000      0.0000
  554      0.0000      0.0000      0.0000
  555      0.0000      0.0000      0.0000
  556      0.0000      0.0000      0.0000
  557      0.0000      0.0000      0.0000
  558      0.0000      0.0000      0.0000
  559      0.0000      0.0000      0.0000
  560      0.0000      0.0000      0.0000
  561      0.0000      0.0000      0.0000
  562      0.0000      0.0000      0.0000
  563      0.0000      0.0000      0.0000
  564      0.0000      0.0000      0.0000
  565      0.0000      0.0000      0.0000
  566      0.0000      0.0000      0.0000
  567      0.0000      0.0000      0.0000
  568      0.0000      0.0000      0.0000
  569      0.0000      0.0000      0.0000
  570      0.0000      0.0000      0.0000
  571      0.0000      0.0000      0.0000
  572      0.0000      0.0000      0.0000
  573      0.0000      0.0000      0.0000
  574      0.0000      0.0000      0.0000
  575      0.0000      0.0000      0.0000
  576      0.0000      0.0000      0.0000
  577      0.0000      0.0000      0.0000
  578      0.0000      0.0000      0.0000
  579      0.0000      0.0000      0.0000
  580      0.0000      0.0000      0.0000
  581      0.0000      0.0000      0.0000
  582      0.0000      0.0000      0.0000
  583      0.0000      0.0000      0.0000
  584      0.0000      0.0000      0.0000
  585      0.0000      0.0000      0.0000
  586      0.0000      0.0000      0.0000
  587      0.0000      0.0000      0.0000
  588      0.0000      0.0000      0.0000
  589      0.0000      0.0000      0.0000
  590      0.0000      0.0000      0.0000
  591      0.0000      0.0000      0.0000
  592      0.0000      0.0000      0.0000
  593      0.0000      0.0000      0.0000
  594      0.0000      0.0000      0.0000
  595      0.0000      0.0000      0.0000
  596      0.0000      0.0000      0.0000
  597      0.0000      0.0000      0.0000
  598      0.0000      0.0000      0.0000
  599      0.0000      0.0000      0.0000
  600      0.0000      0.0000      0.0000
  601      0.0000      0.0000      0.0000
  602      0.0000      0.0000      0.0000
  603      0.0000      0.0000      0.0000
  604      0.0000      0.0000      0.0000
  605      0.0000      0.0000      0.0000
  606      0.0000      0.0000      0.0000
  607      0.0000      0.0000      0.0000
  608      0.0000      0.0000      0.0000
  609      0.0000      0.0000      0.0000
  610      0.0000      0.0000      0.0000
  611      0.0000      0.0000      0.0000
  612      0.0000      0.0000      0.0000
  613      0.0000      0.0000      0.0000
  614      0.0000      0.0000      0.0000