    0      0.0000      0.0000      0.0000
    1      0.0063      0.0000      0.0100
    2      0.0063      0.0063      0.0100
    3      0.0062      0.0063      0.0099
    4      0.0062      0.0062      0.0099
    5      0.0062      0.0062      0.0098
    6      0.0061      0.0062      0.0097
    7      0.0061      0.0061      0.0097
    8      0.0061      0.0061      0.0096
    9      0.0060      0.0061      0.0096
   10      0.0060      0.0060      0.0095
   11      0.0060      0.0060      0.0094
   12      0.0059      0.0060      0.0094
   13      0.0059      0.0059      0.0093
   14      0.0059      0.0059      0.0093
   15      0.0058      0.0059      0.0092
   16      0.0058      0.0058      0.0091
   17      0.0058      0.0058      0.0091
   18      0.0058      0.0058      0.0090
   19      0.0057      0.0058      0.0090
   20      0.0057      0.0057      0.0089
   21      0.0057      0.0057      0.0089
   22      0.0056      0.0057      0.0088
   23      0.0056      0.0056      0.0087
   24      0.0056      0.0056      0.0087
   25      0.0055      0.0056      0.0086
   26      0.0055      0.0055      0.0086
   27      0.0055      0.0055      0.0085
   28      0.0054      0.0055      0.0085
   29      0.0054      0.0054      0.0084
   30      0.0054      0.0054      0.0084
   31      0.0054      0.0054      0.0083
   32      0.0053      0.0054      0.0082
   33      0.0053      0.0053      0.0082
   34      0.0053      0.0053      0.0081
   35      0.0052      0.0053      0.0081
   36      0.0052      0.0052      0.0080
   37      0.0052      0.0052      0.0080
   38      0.0052      0.0052      0.0079
   39      0.0051      0.0052      0.0079
   40      0.0051      0.0051      0.0078
   41      0.0051      0.0051      0.0078
   42      0.0051      0.0051      0.0077
   43      0.0050      0.0051      0.0077
   44      0.0050      0.0050      0.0076
   45      0.0050      0.0050      0.0076
   46      0.0049      0.0050      0.0075
   47      0.0049      0.0049      0.0075
   48      0.0049      0.0049      0.0074
   49      0.0049      0.0049      0.0074
   50      0.0048      0.0049      0.0073
   51      0.0048      0.0048      0.0073
   52      0.0048      0.0048      0.0072
   53      0.0048      0.0048      0.0072
   54      0.0047      0.0048      0.0071
   55      0.0047      0.0047      0.0071
   56      0.0047      0.0047      0.0070
   57      0.0047      0.0047      0.0070
   58      0.0046      0.0047      0.0069
   59      0.0046      0.0046      0.0069
   60      0.0046      0.0046      0.0069
   61      0.0046      0.0046      0.0068
   62      0.0085      0.0046      0.0126
   63      0.0084      0.0085      0.0124
   64      0.0082      0.0084      0.0122
   65      0.0081      0.0082      0.0120
   66      0.0080      0.0081      0.0118
   67      0.0079      0.0080      0.0115
   68      0.0078      0.0079      0.0113
   69      0.0076      0.0078      0.0111
   70      0.0075      0.0076      0.0109
   71      0.0074      0.0075      0.0107
   72      0.0073      0.0074      0.0105
   73      0.0072      0.0073      0.0103
   74      0.0071      0.0072      0.0101
   75      0.0070      0.0071      0.0099
   76      0.0069      0.0070      0.0098
   77      0.0068      0.0069      0.0096
   78      0.0067      0.0068      0.0094
   79      0.0066      0.0067      0.0092
   80      0.0065      0.0066      0.0091
   81      0.0064      0.0065      0.0089
   82      0.0063      0.0064      0.0087
   83      0.0062      0.0063      0.0086
   84      0.0061      0.0062      0.0084
   85      0.0061      0.0061      0.0083
   86      0.0060      0.0061      0.0081
   87      0.0059      0.0060      0.0080
   88      0.0058      0.0059      0.0078
   89      0.0057      0.0058      0.0077
   90      0.0056      0.0057      0.0075
   91      0.0056      0.0056      0.0074
   92      0.0055      0.0056      0.0073
   93      0.0054      0.0055      0.0071
   94      0.0053      0.0054      0.0070
   95      0.0052      0.0053      0.0069
   96      0.0052      0.0052      0.0068
   97      0.0051      0.0052      0.0066
   98      0.0050      0.0051      0.0065
   99      0.0050      0.0050      0.0064
  100      0.0049      0.0050      0.0063
  101      0.0048      0.0049      0.0062
  102      0.0047      0.0048      0.0061
  103      0.0047      0.0047      0.0060
  104      0.0046      0.0047      0.0059
  105      0.0046      0.0046      0.0058
  106      0.0045      0.0046      0.0056
  107      0.0044      0.0045      0.0055
  108      0.0044      0.0044      0.0055
  109      0.0043      0.0044      0.0054
  110      0.0042      0.0043      0.0053
  111      0.0042      0.0042      0.0052
  112      0.0041      0.0042      0.0051
  113      0.0041      0.0041      0.0050
  114      0.0040      0.0041      0.0049
  115      0.0048      0.0040      0.0048
  116      0.0047      0.0048      0.0047
  117      0.0046      0.0047      0.0046
  118      0.0045      0.0046      0.0045
  119      0.0044      0.0045      0.0045
  120      0.0043      0.0044      0.0044
  121      0.0042      0.0043      0.0043
  122      0.0042      0.0042      0.0042
  123      0.0041      0.0042      0.0041
  124      0.0040      0.0041      0.0040
  125      0.0039      0.0040      0.0040
  126      0.0038      0.0039      0.0039
  127      0.0038      0.0038      0.0038
  128      0.0037      0.0038      0.0037
  129      0.0036      0.0037      0.0037
  130      0.0036      0.0036      0.0036
  131      0.0035      0.0036      0.0035
  132      0.0034      0.0035      0.0035
  133      0.0034      0.0034      0.0034
  134      0.0033      0.0034      0.0033
  135      0.0032      0.0033      0.0033
  136      0.0032      0.0032      0.0032
  137      0.0031      0.0032      0.0032
  138      0.0031      0.0031      0.0031
  139      0.0030      0.0031      0.0031
  140      0.0030      0.0030      0.0030
  141      0.0029      0.0030      0.0029
  142      0.0029      0.0029      0.0029
  143      0.0028      0.0029      0.0028
  144      0.0028      0.0028      0.0028
  145      0.0027      0.0028      0.0027
  146      0.0027      0.0027      0.0027
  147      0.0026      0.0027      0.0026
  148      0.0026      0.0026      0.0026
  149      0.0025      0.0026      0.0026
  150      0.0025      0.0025      0.0025
  151      0.0024      0.0025      0.0025
  152      0.0024      0.0024      0.0024
  153      0.0024      0.0024      0.0024
  154      0.0023      0.0024      0.0023
  155      0.0023      0.0023      0.0023
  156      0.0022      0.0023      0.0023
  157      0.0022      0.0022      0.0022
  158      0.0022      0.0022      0.0022
  159      0.0021      0.0022      0.0022
  160      0.0021      0.0021      0.0021
  161      0.0021      0.0021      0.0021
  162      0.0020      0.0021      0.0020
  163      0.0020      0.0020      0.0020
  164      0.0020      0.0020      0.0020
  165      0.0019      0.0020      0.0019
  166      0.0019      0.0019      0.0019
  167      0.0019      0.0019      0.0019
  168      0.0018      0.0019      0.0019
  169      0.0018      0.0018      0.0018
  170      0.0018      0.0018      0.0018
  171      0.0017      0.0018      0.0018
  172      0.0017      0.0017      0.0017
  173      0.0017      0.0017      0.0017
  174      0.0017      0.0017      0.0017
  175      0.0016      0.0017      0.0017
  176      0.0016      0.0016      0.0016
  177      0.0016      0.0016      0.0016
  178      0.0016      0.0016      0.0016
  179      0.0015      0.0016      0.0016
  180      0.0015      0.0015      0.0015
  181      0.0015      0.0015      0.0015
  182      0.0015      0.0015      0.0015
  183      0.0014      0.0015      0.0015
  184      0.0014      0.0014      0.0014
  185      0.0014      0.0014      0.0014
  186      0.0014      0.0014      0.0014
  187      0.0014      0.0014      0.0014
  188      0.0013      0.0014      0.0014
  189      0.0013      0.0013      0.0013
  190      0.0013      0.0013      0.0013
  191      0.0013      0.0013      0.0013
  192      0.0013      0.0013      0.0013
  193      0.0012      0.0013      0.0013
  194      0.0012      0.0012      0.0012
  195      0.0012      0.0012      0.0012
  196      0.0012      0.0012      0.0012
  197      0.0012      0.0012      0.0012
  198      0.0012      0.0012      0.0012
  199      0.0011      0.0012      0.0011
  200      0.0011      0.0011      0.0011
  201      0.0011      0.0011      0.0011
  202      0.0011      0.0011      0.0011
  203      0.0011      0.0011      0.0011
  204      0.0011      0.0011      0.0011
  205      0.0010      0.0011      0.0011
  206      0.0010      0.0010      0.0010
  207      0.0010      0.0010      0.0010
  208      0.0010      0.0010      0.0010
  209      0.0010      0.0010      0.0010
  210      0.0010      0.0010      0.0010
  211      0.0010      0.0010      0.0010
  212      0.0009      0.0010      0.0010
  213      0.0009      0.0009      0.0009
  214      0.0009      0.0009      0.0009
  215      0.0009      0.0009      0.0009
  216      0.0009      0.0009      0.0009
  217      0.0009      0.0009      0.0009
  218      0.0009      0.0009      0.0009
  219      0.0009      0.0009      0.0009
  220      0.0008      0.0009      0.0009
  221      0.0008      0.0008      0.0008
  222      0.0008      0.0008      0.0008
  223      0.0008      0.0008      0.0008
  224      0.0008      0.0008      0.0008
  225      0.0008      0.0008      0.0008
  226      0.0008      0.0008      0.0008
  227      0.0008      0.0008      0.0008
  228      0.0008      0.0008      0.0008
  229      0.0008      0.0008      0.0008
  230      0.0007      0.0008      0.0007
  231      0.0007      0.0007      0.0007
  232      0.0007      0.0007      0.0007
  233      0.0007      0.0007      0.0007
  234      0.0007      0.0007      0.0007
  235      0.0007      0.0007      0.0007
  236      0.0007      0.0007      0.0007
  237      0.0007      0.0007      0.0007
  238      0.0007      0.0007      0.0007
  239      0.0007      0.0007      0.0007
  240      0.0006      0.0007      0.0007
  241      0.0006      0.0006      0.0006
  242      0.0006      0.0006      0.0006
  243      0.0006      0.0006      0.0006
  244      0.0006      0.0006      0.0006
  245      0.0006      0.0006      0.0006
  246      0.0006      0.0006      0.0006
  247      0.0006      0.0006      0.0006
  248      0.0006      0.0006      0.0006
  249      0.0006      0.0006      0.0006
  250      0.0006      0.0006      0.0006
  251      0.0006      0.0006      0.0006
  252      0.0006      0.0006      0.0006
  253      0.0006      0.0006      0.0006
  254      0.0005      0.0006      0.0005
  255      0.0005      0.0005      0.0005
  256      0.0005      0.0005      0.0005
  257      0.0005      0.0005      0.0005
  258      0.0005      0.0005      0.0005
  259      0.0005      0.0005      0.0005
  260      0.0005      0.0005      0.0005
  261      0.0005      0.0005      0.0005
  262      0.0005      0.0005      0.0005
  263      0.0005      0.0005      0.0005
  264      0.0005      0.0005      0.0005
  265      0.0005      0.0005      0.0005
  266      0.0005      0.0005      0.0005
  267      0.0005      0.0005      0.0005
  268      0.0005      0.0005      0.0005
  269      0.0005      0.0005      0.0005
  270      0.0004      0.0005      0.0004
  271      0.0004      0.0004      0.0004
  272      0.0004      0.0004      0.0004
  273      0.0004      0.0004      0.0004
  274      0.0004      0.0004      0.0004
  275      0.0004      0.0004      0.0004
  276      0.0004      0.0004      0.0004
  277      0.0004      0.0004      0.0004
  278      0.0004      0.0004      0.0004
  279      0.0004      0.0004      0.0004
  280      0.0004      0.0004      0.0004
  281      0.0004      0.0004      0.0004
  282      0.0004      0.0004      0.0004
  283      0.0004      0.0004      0.0004
  284      0.0004      0.0004      0.0004
  285      0.0004      0.0004      0.0004
  286      0.0004      0.0004      0.0004
  287      0.0004      0.0004      0.0004
  288      0.0004      0.0004      0.0004
  289      0.0004      0.0004      0.0004
  290      0.0004      0.0004      0.0004
  291      0.0004      0.0004      0.0004
  292      0.0003      0.0004      0.0003
  293      0.0003      0.0003      0.0003
  294      0.0003      0.0003      0.0003
  295      0.0003      0.0003      0.0003
  296      0.0003      0.0003      0.0003
  297      0.0003      0.0003      0.0003
  298      0.0003      0.0003      0.0003
  299      0.0003      0.0003      0.0003
  300      0.0003      0.0003      0.0003
  301      0.0003      0.0003      0.0003
  302      0.0003      0.0003      0.0003
  303      0.0003      0.0003      0.0003
  304      0.0003      0.0003      0.0003
  305      0.0003      0.0003      0.0003
  306      0.0003      0.0003      0.0003
  307      0.0003      0.0003      0.0003
  308      0.0003      0.0003      0.0003
  309      0.0003      0.0003      0.0003
  310      0.0003      0.0003      0.0003
  311      0.0003      0.0003      0.0003
  312      0.0003      0.0003      0.0003
  313      0.0003      0.0003      0.0003
  314      0.0003      0.0003      0.0003
  315      0.0003      0.0003      0.0003
  316      0.0003      0.0003      0.0003
  317      0.0003      0.0003      0.0003
  318      0.0003      0.0003      0.0003
  319      0.0003      0.0003      0.0003
  320      0.0003      0.0003      0.0003
  321      0.0003      0.0003      0.0003
  322      0.0002      0.0003      0.0002
  323      0.0002      0.0002      0.0002
  324      0.0002      0.0002      0.0002
  325      0.0002      0.0002      0.0002
  326      0.0002      0.0002      0.0002
  327      0.0002      0.0002      0.0002
  328      0.0002      0.0002      0.0002
  329      0.0002      0.0002      0.0002
  330      0.0002      0.0002      0.0002
  331      0.0002      0.0002      0.0002
  332      0.0002      0.0002      0.0002
  333      0.0002      0.0002      0.0002
  334      0.0002      0.0002      0.0002
  335      0.0002      0.0002      0.0002
  336      0.0002      0.0002      0.0002
  337      0.0002      0.0002      0.0002
  338      0.0002      0.0002      0.0002
  339      0.0002      0.0002      0.0002
  340      0.0002      0.0002      0.0002
  341      0.0002      0.0002      0.0002
  342      0.0002      0.0002      0.0002
  343      0.0002      0.0002      0.0002
  344      0.0002      0.0002      0.0002
  345      0.0002      0.0002      0.0002
  346      0.0002      0.0002      0.0002
  347      0.0002      0.0002      0.0002
  348      0.0002      0.0002      0.0002
  349      0.0002      0.0002      0.0002
  350      0.0002      0.0002      0.0002
  351      0.0002      0.0002      0.0002
  352      0.0002      0.0002      0.0002
  353      0.0002      0.0002      0.0002
  354      0.0002      0.0002      0.0002
  355      0.0002      0.0002      0.0002
  356      0.0002      0.0002      0.0002
  357      0.0002      0.0002      0.0002
  358      0.0002      0.0002      0.0002
  359      0.0002      0.0002      0.0002
  360      0.0002      0.0002      0.0002
  361      0.0002      0.0002      0.0002
  362      0.0002      0.0002      0.0002
  363      0.0002      0.0002      0.0002
  364      0.0002      0.0002      0.0002
  365      0.0002      0.0002      0.0002
  366      0.0002      0.0002      0.0002
  367      0.0002      0.0002      0.0002
  368      0.0002      0.0002      0.0002
  369      0.0002      0.0002      0.0002
  370      0.0002      0.0002      0.0002
  371      0.0001      0.0002      0.0002
  372      0.0001      0.0001      0.0001
  373      0.0001      0.0001      0.0001
  374      0.0001      0.0001      0.0001
  375      0.0001      0.0001      0.0001
  376      0.0001      0.0001      0.0001
  377      0.0001      0.0001      0.0001
  378      0.0001      0.0001      0.0001
  379      0.0001      0.0001      0.0001
  380      0.0001      0.0001      0.0001
  381      0.0001      0.0001      0.0001
  382      0.0001      0.0001      0.0001
  383      0.0001      0.0001      0.0001
  384      0.0001      0.0001      0.0001
  385      0.0001      0.0001      0.0001
  386      0.0001      0.0001      0.0001
  387      0.0001      0.0001      0.0001
  388      0.0001      0.0001      0.0001
  389      0.0001      0.0001      0.0001
  390      0.0001      0.0001      0.0001
  391      0.0001      0.0001      0.0001
  392      0.0001      0.0001      0.0001
  393      0.0001      0.0001      0.0001
  394      0.0001      0.0001      0.0001
  395      0.0001      0.0001      0.0001
  396      0.0001      0.0001      0.0001
  397      0.0001      0.0001      0.0001
  398      0.0001      0.0001      0.0001
  399      0.0001      0.0001      0.0001
  400      0.0001      0.0001      0.0001
  401      0.0001      0.0001      0.0001
  402      0.0001      0.0001      0.0001
  403      0.0001      0.0001      0.0001
  404      0.0001      0.0001      0.0001
  405      0.0001      0.0001      0.0001
  406      0.0001      0.0001      0.0001
  407      0.0001      0.0001      0.0001
  408      0.0001      0.0001      0.0001
  409      0.0001      0.0001      0.0001
  410      0.0001      0.0001      0.0001
  411      0.0001      0.0001      0.0001
  412      0.0001      0.0001      0.0001
  413      0.0001      0.0001      0.0001
  414      0.0001      0.0001      0.0001
  415      0.0001      0.0001      0.0001
  416      0.0001      0.0001      0.0001
  417      0.0001      0.0001      0.0001
  418      0.0001      0.0001      0.0001
  419      0.0001      0.0001      0.0001
  420      0.0001      0.0001      0.0001
  421      0.0001      0.0001      0.0001
  422      0.0001      0.0001      0.0001
  423      0.0001      0.0001      0.0001
  424      0.0001      0.0001      0.0001
  425      0.0001      0.0001      0.0001
  426      0.0001      0.0001      0.0001
  427      0.0001      0.0001      0.0001
  428      0.0001      0.0001      0.0001
  429      0.0001      0.0001      0.0001
  430      0.0001      0.0001      0.0001
  431      0.0001      0.0001      0.0001
  432      0.0001      0.0001      0.0001
  433      0.0001      0.0001      0.0001
  434      0.0001      0.0001      0.0001
  435      0.0001      0.0001      0.0001
  436      0.0001      0.0001      0.0001
  437      0.0001      0.0001      0.0001
  438      0.0001      0.0001      0.0001
  439      0.0001      0.0001      0.0001
  440      0.0001      0.0001      0.0001
  441      0.0001      0.0001      0.0001
  442      0.0001      0.0001      0.0001
  443      0.0001      0.0001      0.0001
  444      0.0001      0.0001      0.0001
  445      0.0001      0.0001      0.0001
  446      0.0001      0.0001      0.0001
  447      0.0001      0.0001      0.0001
  448      0.0001      0.0001      0.0001
  449      0.0001      0.0001      0.0001
  450      0.0001      0.0001      0.0001
  451      0.0001      0.0001      0.0001
  452      0.0001      0.0001      0.0001
  453      0.0001      0.0001      0.0001
  454      0.0001      0.0001      0.0001
  455      0.0001      0.0001      0.0001
  456      0.0001      0.0001      0.0001
  457      0.0001      0.0001      0.0001
  458      0.0001      0.0001      0.0001
  459      0.0001      0.0001      0.0001
  460      0.0001      0.0001      0.0001
  461      0.0001      0.0001      0.0001
  462      0.0001      0.0001      0.0001
  463      0.0001      0.0001      0.0001
  464      0.0001      0.0001      0.0001
  465      0.0001      0.0001      0.0001
  466      0.0001      0.0001      0.0001
  467      0.0001      0.0001      0.0001
  468      0.0001      0.0001      0.0001
  469      0.0001      0.0001      0.0001
  470      0.0001      0.0001      0.0001
  471      0.0001      0.0001      0.0001
  472      0.0001      0.0001      0.0001
  473      0.0001      0.0001      0.0001
  474      0.0001      0.0001      0.0001
  475      0.0001      0.0001      0.0001
  476      0.0001      0.0001      0.0001
  477      0.0001      0.0001      0.0001
  478      0.0001      0.0001      0.0001
  479      0.0001      0.0001      0.0001
  480      0.0001      0.0001      0.0001
  481      0.0001      0.0001      0.0001
  482      0.0001      0.0001      0.0001
  483      0.0001      0.0001      0.0001
  484      0.0001      0.0001      0.0001
  485      0.0001      0.0001      0.0001
  486      0.0000      0.0001      0.0000
  487      0.0000      0.0000      0.0000
  488      0.0000      0.0000      0.0000
  489      0.0000      0.0000      0.0000
  490      0.0000      0.0000      0.0000
  491      0.0000      0.0000      0.0000
  492      0.0000      0.0000      0.0000
  493      0.0000      0.0000      0.0000
  494      0.0000      0.0000      0.0000
  4
