Output of DDP Tests:Ignore Epsilon Predictions
---------------------------
DP::Intialize is complete. Action and State spaces are empty.
 Log file name is: logs/DP-DDP-3-02-2022-15-38-21.log
-------------------- DP Model Summary ------------------------
0. USER BELLMAN CLASS
    Test12 | Ex Post Smoothing  | Bellman
1. CLOCK
    3. Normal Finite Horizon Aging
2. STATE VARIABLES
              |eps   |eta |theta        -clock        |gamma
                e    s21     in      M      t     t'      r      f
       s.N     27      1      2     12     12      1      1      1


     Transition Categories (not counting placeholders and variables with N=1)
                 NonRandom       Random   Coevolving    Augmented       Timing    Invariant
     #Vars               1            2            0            0            1            0

3. SIZE OF SPACES

                       Number of Points
    Exogenous(Epsilon)               27
    SemiExogenous(Eta)                1
   Endogenous(Theta_t)               24
                 Times               12
         EV()Iterating               24
      ChoiceProb.track              288
         Random Groups                1
 Dynamic Random Groups                1
          Fixed Groups                1
   Total Groups(Gamma)                1
       Total Untrimmed             7776

4. ACTION VARIABLES
   Number of Distinct action vectors: 2
             m
    a.N      2


5. TRIMMING AND SUBSAMPLING OF THE ENDOGENOUS STATE SPACE (Theta)
                           N
    TotalReachable       156
         Terminal          0
     Approximated          0
Index of first state by t (t=0..T-1)
      0      1      5     11     19     29     41     55     71     89    109    131    155


6. FEASIBLE ACTION SETS
 
     i    [m]        A[0]     A[1]   
     ------------------------------------
     000 (0)           X        X        
     001 (1)           X        -        
        #States       78       78
     -----------------------------------
         Key: X = row vector is feasible. - = infeasible

-------------------- End of Model Summary ------------------------
Phase :Initializing Increment:       0.01. Cumulative:         0.01

     Value of States and Choice Probabilities 
    Indx   T   A  in   M   t     r     f       EV      |Choice Probabilities:         
     287   2   0   1  11  11     0     0        1.100000 1.000000 0.000000
     286   2   1   0  11  11     0     0        1.100000 1.000000
     285   2   0   1  10  11     0     0        1.100000 1.000000 0.000000
     284   2   1   0  10  11     0     0        1.100000 1.000000
     283   2   0   1   9  11     0     0        1.100000 1.000000 0.000000
     282   2   1   0   9  11     0     0        1.100000 1.000000
     281   2   0   1   8  11     0     0        1.100000 1.000000 0.000000
     280   2   1   0   8  11     0     0        1.100000 1.000000
     279   2   0   1   7  11     0     0        1.100000 1.000000 0.000000
     278   2   1   0   7  11     0     0        1.100000 1.000000
     277   2   0   1   6  11     0     0        1.100000 1.000000 0.000000
     276   2   1   0   6  11     0     0        1.100000 1.000000
     275   2   0   1   5  11     0     0        1.100000 1.000000 0.000000
     274   2   1   0   5  11     0     0        1.100000 1.000000
     273   2   0   1   4  11     0     0        1.128432 0.777778 0.222222
     272   2   1   0   4  11     0     0        1.100000 1.000000
     271   2   0   1   3  11     0     0        1.796717 0.000000 1.000000
     270   2   1   0   3  11     0     0        1.100000 1.000000
     269   2   0   1   2  11     0     0        2.707324 0.000000 1.000000
     268   2   1   0   2  11     0     0        1.100000 1.000000
     267   2   0   1   1  11     0     0        3.339967 0.000000 1.000000
     266   2   1   0   1  11     0     0        1.100000 1.000000
     265   2   0   1   0  11     0     0        3.373534 0.000000 1.000000
     264   2   1   0   0  11     0     0        1.100000 1.000000
     261   0   0   1  10  10     0     0        2.145000 1.000000 0.000000
     260   0   1   0  10  10     0     0        2.145000 1.000000
     259   0   0   1   9  10     0     0        2.145000 1.000000 0.000000
     258   0   1   0   9  10     0     0        2.145000 1.000000
     257   0   0   1   8  10     0     0        2.145000 1.000000 0.000000
     256   0   1   0   8  10     0     0        2.145000 1.000000
     255   0   0   1   7  10     0     0        2.145000 1.000000 0.000000
     254   0   1   0   7  10     0     0        2.145000 1.000000
     253   0   0   1   6  10     0     0        2.145000 1.000000 0.000000
     252   0   1   0   6  10     0     0        2.145000 1.000000
     251   0   0   1   5  10     0     0        2.145000 1.000000 0.000000
     250   0   1   0   5  10     0     0        2.145000 1.000000
     249   0   0   1   4  10     0     0        2.188138 0.777778 0.222222
     248   0   1   0   4  10     0     0        2.163907 1.000000
     247   0   0   1   3  10     0     0        2.894939 0.222222 0.777778
     246   0   1   0   3  10     0     0        2.608317 1.000000
     245   0   0   1   2  10     0     0        4.215641 0.000000 1.000000
     244   0   1   0   2  10     0     0        3.213871 1.000000
     243   0   0   1   1  10     0     0        5.453838 0.000000 1.000000
     242   0   1   0   1  10     0     0        3.634578 1.000000
     241   0   0   1   0  10     0     0        5.908112 0.000000 1.000000
     240   0   1   0   0  10     0     0        3.656900 1.000000
     235   0   0   1   9   9     0     0        3.137750 1.000000 0.000000
     234   0   1   0   9   9     0     0        3.137750 1.000000
     233   0   0   1   8   9     0     0        3.137750 1.000000 0.000000
     232   0   1   0   8   9     0     0        3.137750 1.000000
     231   0   0   1   7   9     0     0        3.137750 1.000000 0.000000
     230   0   1   0   7   9     0     0        3.137750 1.000000
     229   0   0   1   6   9     0     0        3.137750 1.000000 0.000000
     228   0   1   0   6   9     0     0        3.137750 1.000000
     227   0   0   1   5   9     0     0        3.137750 1.000000 0.000000
     226   0   1   0   5   9     0     0        3.137750 1.000000
     225   0   0   1   4   9     0     0        3.192998 0.814815 0.185185
     224   0   1   0   4   9     0     0        3.171825 1.000000
     223   0   0   1   3   9     0     0        3.952601 0.407407 0.592593
     222   0   1   0   3   9     0     0        3.768504 1.000000
     221   0   0   1   2   9     0     0        5.395404 0.111111 0.888889
     220   0   1   0   2   9     0     0        4.819354 1.000000
     219   0   0   1   1   9     0     0        7.059321 0.000000 1.000000
     218   0   1   0   1   9     0     0        5.762657 1.000000
     217   0   0   1   0   9     0     0        8.036191 0.000000 1.000000
     216   0   1   0   0   9     0     0        6.071111 1.000000
     209   0   0   1   8   8     0     0        4.080862 1.000000 0.000000
     208   0   1   0   8   8     0     0        4.080862 1.000000
     207   0   0   1   7   8     0     0        4.080862 1.000000 0.000000
     206   0   1   0   7   8     0     0        4.080862 1.000000
     205   0   0   1   6   8     0     0        4.080862 1.000000 0.000000
     204   0   1   0   6   8     0     0        4.080862 1.000000
     203   0   0   1   5   8     0     0        4.080862 1.000000 0.000000
     202   0   1   0   5   8     0     0        4.080862 1.000000
     201   0   0   1   4   8     0     0        4.146195 0.814815 0.185185
     200   0   1   0   4   8     0     0        4.127314 1.000000
     199   0   0   1   3   8     0     0        4.944325 0.518519 0.481481
     198   0   1   0   3   8     0     0        4.802504 1.000000
     197   0   0   1   2   8     0     0        6.469742 0.259259 0.740741
     196   0   1   0   2   8     0     0        6.061460 1.000000
     195   0   0   1   1   8     0     0        8.309075 0.074074 0.925926
     194   0   1   0   1   8     0     0        7.436806 1.000000
     193   0   0   1   0   8     0     0        9.710340 0.000000 1.000000
     192   0   1   0   0   8     0     0        8.174333 1.000000
     183   0   0   1   7   7     0     0        4.976819 1.000000 0.000000
     182   0   1   0   7   7     0     0        4.976819 1.000000
     181   0   0   1   6   7     0     0        4.976819 1.000000 0.000000
     180   0   1   0   6   7     0     0        4.976819 1.000000
     179   0   0   1   5   7     0     0        4.976819 1.000000 0.000000
     178   0   1   0   5   7     0     0        4.976819 1.000000
     177   0   0   1   4   7     0     0        5.050550 0.851852 0.148148
     176   0   1   0   4   7     0     0        5.033504 1.000000
     175   0   0   1   3   7     0     0        5.876251 0.555556 0.444444
     174   0   1   0   3   7     0     0        5.756689 1.000000
     173   0   0   1   2   7     0     0        7.458683 0.333333 0.666667
     172   0   1   0   2   7     0     0        7.129894 1.000000
     171   0   0   1   1   7     0     0        9.403086 0.148148 0.851852
     170   0   1   0   1   7     0     0        8.745025 1.000000
     169   0   0   1   0   7     0     0       11.018559 0.000000 1.000000
     168   0   1   0   0   7     0     0        9.887061 1.000000
     157   0   0   1   6   6     0     0        5.827978 1.000000 0.000000
     156   0   1   0   6   6     0     0        5.827978 1.000000
     155   0   0   1   5   6     0     0        5.827978 1.000000 0.000000
     154   0   1   0   5   6     0     0        5.827978 1.000000
     153   0   0   1   4   6     0     0        5.908951 0.851852 0.148148
     152   0   1   0   4   6     0     0        5.893165 1.000000
     151   0   0   1   3   6     0     0        6.754515 0.592593 0.407407
     150   0   1   0   3   6     0     0        6.648363 1.000000
     149   0   0   1   2   6     0     0        8.377092 0.407407 0.592593
     148   0   1   0   2   6     0     0        8.092044 1.000000
     147   0   0   1   1   6     0     0       10.391887 0.222222 0.777778
     146   0   1   0   1   6     0     0        9.845384 1.000000
     145   0   0   1   0   6     0     0       12.126610 0.074074 0.925926
     144   0   1   0   0   6     0     0       11.245154 1.000000
     131   0   0   1   5   5     0     0        6.636579 1.000000 0.000000
     130   0   1   0   5   5     0     0        6.636579 1.000000
     129   0   0   1   4   5     0     0        6.723718 0.851852 0.148148
     128   0   1   0   4   5     0     0        6.709004 1.000000
     127   0   0   1   3   5     0     0        7.583977 0.629630 0.370370
     126   0   1   0   3   5     0     0        7.486536 1.000000
     125   0   0   1   2   5     0     0        9.235074 0.444444 0.555556
     124   0   1   0   2   5     0     0        8.976999 1.000000
     123   0   0   1   1   5     0     0       11.298646 0.296296 0.703704
     122   0   1   0   1   5     0     0       10.816539 1.000000
     121   0   0   1   0   5     0     0       13.111399 0.111111 0.888889
     120   0   1   0   0   5     0     0       12.369065 1.000000
     105   0   0   1   4   4     0     0        7.497140 0.851852 0.148148
     104   0   1   0   4   4     0     0        7.483339 1.000000
     103   0   0   1   3   4     0     0        8.368471 0.629630 0.370370
     102   0   1   0   3   4     0     0        8.277007 1.000000
     101   0   0   1   2   4     0     0       10.040109 0.481481 0.518519
     100   0   1   0   2   4     0     0        9.799769 1.000000
      99   0   0   1   1   4     0     0       12.138328 0.333333 0.666667
      98   0   1   0   1   4     0     0       11.696313 1.000000
      97   0   0   1   0   4     0     0       14.004226 0.148148 0.851852
      96   0   1   0   0   4     0     0       13.344264 1.000000
      79   0   0   1   3   3     0     0        9.111126 0.666667 0.333333
      78   0   1   0   3   3     0     0        9.023980 1.000000
      77   0   0   1   2   3     0     0       10.798091 0.481481 0.518519
      76   0   1   0   2   3     0     0       10.569607 1.000000
      75   0   0   1   1   3     0     0       12.921262 0.333333 0.666667
      74   0   1   0   1   3     0     0       12.505438 1.000000
      73   0   0   1   0   3     0     0       14.824423 0.185185 0.814815
      72   0   1   0   0   3     0     0       14.215926 1.000000
      53   0   0   1   2   2     0     0       11.512889 0.481481 0.518519
      52   0   1   0   2   2     0     0       11.293069 1.000000
      51   0   0   1   1   2     0     0       13.654306 0.370370 0.629630
      50   0   1   0   1   2     0     0       13.256689 1.000000
      49   0   0   1   0   2     0     0       15.584273 0.222222 0.777778
      48   0   1   0   0   2     0     0       15.009780 1.000000
      27   0   0   1   1   1     0     0       14.343261 0.370370 0.629630
      26   0   1   0   1   1     0     0       13.958270 1.000000
      25   0   0   1   0   1     0     0       16.292513 0.222222 0.777778
      24   0   1   0   0   1     0     0       15.741329 1.000000
       1   0   0   1   0   0     0     0       16.955489 0.259259 0.740741
       0   0   1   0   0   0     0     0       16.420800 1.000000
     ------------------------------------------------------------------------------
Tracking all actions, endogenous state and auxiliary variables
 Predicted Moments for fixed group: 0
    t           m          in           M
    0      0.0000      0.0000      0.0000
    1      0.5444      0.7000      0.0000
    2      0.4880      0.7000      0.5444
    3      0.4633      0.7000      1.0324
    4      0.4176      0.7000      1.4957
    5      0.3915      0.7000      1.9133
    6      0.3710      0.7000      2.3048
    7      0.3506      0.7000      2.6758
    8      0.3237      0.7000      3.0264
    9      0.3103      0.7000      3.3501
   10      0.2971      0.7000      3.6603
   11      0.2400      0.7000      3.9575
DP::Intialize is complete. Action and State spaces are empty.
 Log file name is: logs/DP-DDP-3-02-2022-15-38-21.log
-------------------- DP Model Summary ------------------------
0. USER BELLMAN CLASS
    Test12 | Ex Post Smoothing  | Bellman
1. CLOCK
    3. Normal Finite Horizon Aging
2. STATE VARIABLES
              |eps   |eta |theta        -clock        |gamma
                e    s21     in      M      t     t'      r      f
       s.N     27      1      2     12     12      1      1      1


     Transition Categories (not counting placeholders and variables with N=1)
                 NonRandom       Random   Coevolving    Augmented       Timing    Invariant
     #Vars               1            2            0            0            1            0

3. SIZE OF SPACES

                       Number of Points
    Exogenous(Epsilon)               27
    SemiExogenous(Eta)                1
   Endogenous(Theta_t)               24
                 Times               12
         EV()Iterating               24
      ChoiceProb.track              288
         Random Groups                1
 Dynamic Random Groups                1
          Fixed Groups                1
   Total Groups(Gamma)                1
       Total Untrimmed             7776

4. ACTION VARIABLES
   Number of Distinct action vectors: 2
             m
    a.N      2


5. TRIMMING AND SUBSAMPLING OF THE ENDOGENOUS STATE SPACE (Theta)
                           N
    TotalReachable       156
         Terminal          0
     Approximated         78
Index of first state by t (t=0..T-1)
      0      1      5     11     19     29     41     55     71     89    109    131    155


6. FEASIBLE ACTION SETS
 
     i    [m]        A[0]     A[1]   
     ------------------------------------
     000 (0)           X        X        
     001 (1)           X        -        
        #States       78       78
     -----------------------------------
         Key: X = row vector is feasible. - = infeasible

-------------------- End of Model Summary ------------------------
Phase :Initializing Increment:       0.01. Cumulative:         0.01

     Value of States and Choice Probabilities 
    Indx   T   A  in   M   t     r     f       EV      |Choice Probabilities:         
     287   2   0   1  11  11     0     0        1.100000 1.000000 0.000000
     286   3   1   0  11  11     0     0        1.100000 1.000000
     285   2   0   1  10  11     0     0        1.100000 1.000000 0.000000
     284   3   1   0  10  11     0     0        1.100000 1.000000
     283   2   0   1   9  11     0     0        1.100000 1.000000 0.000000
     282   3   1   0   9  11     0     0        1.100000 1.000000
     281   2   0   1   8  11     0     0        1.100000 1.000000 0.000000
     280   3   1   0   8  11     0     0        1.100000 1.000000
     279   2   0   1   7  11     0     0        1.100000 1.000000 0.000000
     278   3   1   0   7  11     0     0        1.100000 1.000000
     277   2   0   1   6  11     0     0        1.100000 1.000000 0.000000
     276   3   1   0   6  11     0     0        1.100000 1.000000
     275   2   0   1   5  11     0     0        1.100000 1.000000 0.000000
     274   3   1   0   5  11     0     0        1.100000 1.000000
     273   2   0   1   4  11     0     0        1.128432 0.777778 0.222222
     272   3   1   0   4  11     0     0        1.100000 1.000000
     271   2   0   1   3  11     0     0        1.796717 0.000000 1.000000
     270   3   1   0   3  11     0     0        1.100000 1.000000
     269   2   0   1   2  11     0     0        2.707324 0.000000 1.000000
     268   3   1   0   2  11     0     0        1.100000 1.000000
     267   2   0   1   1  11     0     0        3.339967 0.000000 1.000000
     266   3   1   0   1  11     0     0        1.100000 1.000000
     265   2   0   1   0  11     0     0        3.373534 0.000000 1.000000
     264   3   1   0   0  11     0     0        1.100000 1.000000
     261   0   0   1  10  10     0     0        2.145000 1.000000 0.000000
     260   1   1   0  10  10     0     0        2.145000 1.000000
     259   0   0   1   9  10     0     0        2.145000 1.000000 0.000000
     258   1   1   0   9  10     0     0        2.145000 1.000000
     257   0   0   1   8  10     0     0        2.145000 1.000000 0.000000
     256   1   1   0   8  10     0     0        2.145000 1.000000
     255   0   0   1   7  10     0     0        2.145000 1.000000 0.000000
     254   1   1   0   7  10     0     0        2.145000 1.000000
     253   0   0   1   6  10     0     0        2.145000 1.000000 0.000000
     252   1   1   0   6  10     0     0        2.145000 1.000000
     251   0   0   1   5  10     0     0        2.145000 1.000000 0.000000
     250   1   1   0   5  10     0     0        2.145000 1.000000
     249   0   0   1   4  10     0     0        2.188138 0.777778 0.222222
     248   1   1   0   4  10     0     0        2.163907 1.000000
     247   0   0   1   3  10     0     0        2.894939 0.222222 0.777778
     246   1   1   0   3  10     0     0        2.608317 1.000000
     245   0   0   1   2  10     0     0        4.215641 0.000000 1.000000
     244   1   1   0   2  10     0     0        3.213871 1.000000
     243   0   0   1   1  10     0     0        5.453838 0.000000 1.000000
     242   1   1   0   1  10     0     0        3.634578 1.000000
     241   0   0   1   0  10     0     0        5.908112 0.000000 1.000000
     240   1   1   0   0  10     0     0        3.656900 1.000000
     235   0   0   1   9   9     0     0        3.137750 1.000000 0.000000
     234   1   1   0   9   9     0     0        3.137750 1.000000
     233   0   0   1   8   9     0     0        3.137750 1.000000 0.000000
     232   1   1   0   8   9     0     0        3.137750 1.000000
     231   0   0   1   7   9     0     0        3.137750 1.000000 0.000000
     230   1   1   0   7   9     0     0        3.137750 1.000000
     229   0   0   1   6   9     0     0        3.137750 1.000000 0.000000
     228   1   1   0   6   9     0     0        3.137750 1.000000
     227   0   0   1   5   9     0     0        3.137750 1.000000 0.000000
     226   1   1   0   5   9     0     0        3.137750 1.000000
     225   0   0   1   4   9     0     0        3.192998 0.814815 0.185185
     224   1   1   0   4   9     0     0        3.171825 1.000000
     223   0   0   1   3   9     0     0        3.952601 0.407407 0.592593
     222   1   1   0   3   9     0     0        3.768504 1.000000
     221   0   0   1   2   9     0     0        5.395404 0.111111 0.888889
     220   1   1   0   2   9     0     0        4.819354 1.000000
     219   0   0   1   1   9     0     0        7.059321 0.000000 1.000000
     218   1   1   0   1   9     0     0        5.762657 1.000000
     217   0   0   1   0   9     0     0        8.036191 0.000000 1.000000
     216   1   1   0   0   9     0     0        6.071111 1.000000
     209   0   0   1   8   8     0     0        4.080862 1.000000 0.000000
     208   1   1   0   8   8     0     0        4.080862 1.000000
     207   0   0   1   7   8     0     0        4.080862 1.000000 0.000000
     206   1   1   0   7   8     0     0        4.080862 1.000000
     205   0   0   1   6   8     0     0        4.080862 1.000000 0.000000
     204   1   1   0   6   8     0     0        4.080862 1.000000
     203   0   0   1   5   8     0     0        4.080862 1.000000 0.000000
     202   1   1   0   5   8     0     0        4.080862 1.000000
     201   0   0   1   4   8     0     0        4.146195 0.814815 0.185185
     200   1   1   0   4   8     0     0        4.127314 1.000000
     199   0   0   1   3   8     0     0        4.944325 0.518519 0.481481
     198   1   1   0   3   8     0     0        4.802504 1.000000
     197   0   0   1   2   8     0     0        6.469742 0.259259 0.740741
     196   1   1   0   2   8     0     0        6.061460 1.000000
     195   0   0   1   1   8     0     0        8.309075 0.074074 0.925926
     194   1   1   0   1   8     0     0        7.436806 1.000000
     193   0   0   1   0   8     0     0        9.710340 0.000000 1.000000
     192   1   1   0   0   8     0     0        8.174333 1.000000
     183   0   0   1   7   7     0     0        4.976819 1.000000 0.000000
     182   1   1   0   7   7     0     0        4.976819 1.000000
     181   0   0   1   6   7     0     0        4.976819 1.000000 0.000000
     180   1   1   0   6   7     0     0        4.976819 1.000000
     179   0   0   1   5   7     0     0        4.976819 1.000000 0.000000
     178   1   1   0   5   7     0     0        4.976819 1.000000
     177   0   0   1   4   7     0     0        5.050550 0.851852 0.148148
     176   1   1   0   4   7     0     0        5.033504 1.000000
     175   0   0   1   3   7     0     0        5.876251 0.555556 0.444444
     174   1   1   0   3   7     0     0        5.756689 1.000000
     173   0   0   1   2   7     0     0        7.458683 0.333333 0.666667
     172   1   1   0   2   7     0     0        7.129894 1.000000
     171   0   0   1   1   7     0     0        9.403086 0.148148 0.851852
     170   1   1   0   1   7     0     0        8.745025 1.000000
     169   0   0   1   0   7     0     0       11.018559 0.000000 1.000000
     168   1   1   0   0   7     0     0        9.887061 1.000000
     157   0   0   1   6   6     0     0        5.827978 1.000000 0.000000
     156   1   1   0   6   6     0     0        5.827978 1.000000
     155   0   0   1   5   6     0     0        5.827978 1.000000 0.000000
     154   1   1   0   5   6     0     0        5.827978 1.000000
     153   0   0   1   4   6     0     0        5.908951 0.851852 0.148148
     152   1   1   0   4   6     0     0        5.893165 1.000000
     151   0   0   1   3   6     0     0        6.754515 0.592593 0.407407
     150   1   1   0   3   6     0     0        6.648363 1.000000
     149   0   0   1   2   6     0     0        8.377092 0.407407 0.592593
     148   1   1   0   2   6     0     0        8.092044 1.000000
     147   0   0   1   1   6     0     0       10.391887 0.222222 0.777778
     146   1   1   0   1   6     0     0        9.845384 1.000000
     145   0   0   1   0   6     0     0       12.126610 0.074074 0.925926
     144   1   1   0   0   6     0     0       11.245154 1.000000
     131   0   0   1   5   5     0     0        6.636579 1.000000 0.000000
     130   1   1   0   5   5     0     0        6.636579 1.000000
     129   0   0   1   4   5     0     0        6.723718 0.851852 0.148148
     128   1   1   0   4   5     0     0        6.709004 1.000000
     127   0   0   1   3   5     0     0        7.583977 0.629630 0.370370
     126   1   1   0   3   5     0     0        7.486536 1.000000
     125   0   0   1   2   5     0     0        9.235074 0.444444 0.555556
     124   1   1   0   2   5     0     0        8.976999 1.000000
     123   0   0   1   1   5     0     0       11.298646 0.296296 0.703704
     122   1   1   0   1   5     0     0       10.816539 1.000000
     121   0   0   1   0   5     0     0       13.111399 0.111111 0.888889
     120   1   1   0   0   5     0     0       12.369065 1.000000
     105   0   0   1   4   4     0     0        7.497140 0.851852 0.148148
     104   1   1   0   4   4     0     0        7.483339 1.000000
     103   0   0   1   3   4     0     0        8.368471 0.629630 0.370370
     102   1   1   0   3   4     0     0        8.277007 1.000000
     101   0   0   1   2   4     0     0       10.040109 0.481481 0.518519
     100   1   1   0   2   4     0     0        9.799769 1.000000
      99   0   0   1   1   4     0     0       12.138328 0.333333 0.666667
      98   1   1   0   1   4     0     0       11.696313 1.000000
      97   0   0   1   0   4     0     0       14.004226 0.148148 0.851852
      96   1   1   0   0   4     0     0       13.344264 1.000000
      79   0   0   1   3   3     0     0        9.111126 0.666667 0.333333
      78   1   1   0   3   3     0     0        9.023980 1.000000
      77   0   0   1   2   3     0     0       10.798091 0.481481 0.518519
      76   1   1   0   2   3     0     0       10.569607 1.000000
      75   0   0   1   1   3     0     0       12.921262 0.333333 0.666667
      74   1   1   0   1   3     0     0       12.505438 1.000000
      73   0   0   1   0   3     0     0       14.824423 0.185185 0.814815
      72   1   1   0   0   3     0     0       14.215926 1.000000
      53   0   0   1   2   2     0     0       11.512889 0.481481 0.518519
      52   1   1   0   2   2     0     0       11.293069 1.000000
      51   0   0   1   1   2     0     0       13.654306 0.370370 0.629630
      50   1   1   0   1   2     0     0       13.256689 1.000000
      49   0   0   1   0   2     0     0       15.584273 0.222222 0.777778
      48   1   1   0   0   2     0     0       15.009780 1.000000
      27   0   0   1   1   1     0     0       14.343261 0.370370 0.629630
      26   1   1   0   1   1     0     0       13.958270 1.000000
      25   0   0   1   0   1     0     0       16.292513 0.222222 0.777778
      24   1   1   0   0   1     0     0       15.741329 1.000000
       1   0   0   1   0   0     0     0       16.955489 0.259259 0.740741
       0   1   1   0   0   0     0     0       16.420800 1.000000
     ------------------------------------------------------------------------------
Tracking all actions, endogenous state and auxiliary variables
 Predicted Moments for fixed group: 0
    t           m          in           M
    0      0.0000      0.0000      0.0000
    1      0.5444      0.7000      0.0000
    2      0.4880      0.7000      0.5444
    3      0.4633      0.7000      1.0324
    4      0.4176      0.7000      1.4957
    5      0.3915      0.7000      1.9133
    6      0.3710      0.7000      2.3048
    7      0.3506      0.7000      2.6758
    8      0.3237      0.7000      3.0264
    9      0.3103      0.7000      3.3501
   10      0.2971      0.7000      3.6603
   11      0.2400      0.7000      3.9575
... finished.
