Output of DDP Tests:Ergodic-Simulation
---------------------------
DP::Intialize is complete. Action and State spaces are empty.
 Log file name is: logs/DP-DDP-12-04-2022-11-24-34.log
-------------------- DP Model Summary ------------------------
0. USER BELLMAN CLASS
    Test6 | Bellman
1. CLOCK
    1. Ergodic
2. STATE VARIABLES
              |eps   |eta |theta        -clock        |gamma
              s11    s21   offe   stat      t     t'      r      f
       s.N      1      1      5      4      1      1      1      1


     Transition Categories (not counting placeholders and variables with N=1)
                 NonRandom       Random   Coevolving    Augmented       Timing    Invariant
     #Vars               0            0            2            0            0            0

3. SIZE OF SPACES

                       Number of Points
    Exogenous(Epsilon)                1
    SemiExogenous(Eta)                1
   Endogenous(Theta_t)               20
                 Times                1
         EV()Iterating               20
      ChoiceProb.track               20
         Random Groups                1
 Dynamic Random Groups                1
          Fixed Groups                1
   Total Groups(Gamma)                1
       Total Untrimmed               20

4. ACTION VARIABLES
   Number of Distinct action vectors: 2
             a
    a.N      2


5. TRIMMING AND SUBSAMPLING OF THE ENDOGENOUS STATE SPACE (Theta)
                           N
    TotalReachable        20
         Terminal          0
     Approximated          0
Index of first state by t (t=0..T-1)
      0     19


6. FEASIBLE ACTION SETS
 
     i    [a]        A[0]   
     ---------------------------
     000 (0)           X        
     001 (1)           X        
        #States       20
     --------------------------
         Key: X = row vector is feasible. - = infeasible

-------------------- End of Model Summary ------------------------
Phase :Initializing Increment:       0.03. Cumulative:         0.03

     Value of States, Ergodic Distn, and Choice Probabilities 
    Indx   T   Aoffestat   t     r     f       EV      |  Erg.Distn  |Choice Probabilities:         
      19   0   0   4   3   0     0     0       22.114696  0.1785714 0.000000 1.000000
      18   0   0   3   3   0     0     0       18.543268  0.1785714 0.000000 1.000000
      17   0   0   2   3   0     0     0       14.971839  0.1785714 0.000000 1.000000
      16   0   0   1   3   0     0     0       11.400410 -0.0000000 0.000000 1.000000
      15   0   0   0   3   0     0     0       10.960575 -0.0000000 1.000000 0.000000
      14   0   0   4   2   0     0     0       12.178416  0.0357143 0.500000 0.500000
      13   0   0   3   2   0     0     0       12.178416  0.0357143 0.500000 0.500000
      12   0   0   2   2   0     0     0       12.178416  0.0357143 0.500000 0.500000
      11   0   0   1   2   0     0     0       12.178416 -0.0000000 0.500000 0.500000
      10   0   0   0   2   0     0     0       12.178416 -0.0000000 0.500000 0.500000
       9   0   0   4   1   0     0     0       12.178416 -0.0000000 0.500000 0.500000
       8   0   0   3   1   0     0     0       12.178416 -0.0000000 0.500000 0.500000
       7   0   0   2   1   0     0     0       12.178416 -0.0000000 0.500000 0.500000
       6   0   0   1   1   0     0     0       12.178416 -0.0000000 0.500000 0.500000
       5   0   0   0   1   0     0     0       12.178416 -0.0000000 0.500000 0.500000
       4   0   0   4   0   0     0     0       19.903227  0.0357143 0.000000 1.000000
       3   0   0   3   0   0     0     0       16.688941  0.0357143 0.000000 1.000000
       2   0   0   2   0   0     0     0       13.474655  0.0357143 0.000000 1.000000
       1   0   0   1   0   0     0     0       12.178416  0.0357143 1.000000 0.000000
       0   0   0   0   0   0     0     0       12.178416  0.2142857 1.000000 0.000000
     ------------------------------------------------------------------------------
-------------------- Panel ------------------------

PanelFxedpath   t      n  T Aj| s11 s21offestat   t  t'   r   f|ai|   a
   0   0   0   0      0  0   0   0   0   0   0   0   0   0   0   0   0
   0   0   0   1      0  0   0   0   0   0   0   0   0   0   0   0   0
   0   0   0   2      3  0   0   0   0   3   0   0   0   0   0   1   1
   0   0   0   3     18  0   0   0   0   3   3   0   0   0   0   1   1
   0   0   0   4     18  0   0   0   0   3   3   0   0   0   0   1   1
   0   0   0   5     13  0   0   0   0   3   2   0   0   0   0   1   1
   0   0   0   6      0  0   0   0   0   0   0   0   0   0   0   0   0
   0   0   0   7      0  0   0   0   0   0   0   0   0   0   0   0   0
   0   0   0   8      3  0   0   0   0   3   0   0   0   0   0   1   1
   0   0   0   9     18  0   0   0   0   3   3   0   0   0   0   1   1
   0   0   0  10     18  0   0   0   0   3   3   0   0   0   0   1   1
   0   0   0  11     18  0   0   0   0   3   3   0   0   0   0   1   1
   0   0   0  12     18  0   0   0   0   3   3   0   0   0   0   1   1
   0   0   0  13     18  0   0   0   0   3   3   0   0   0   0   1   1
   0   0   0  14     18  0   0   0   0   3   3   0   0   0   0   1   1
   0   0   0  15     18  0   0   0   0   3   3   0   0   0   0   1   1
   0   0   0  16     13  0   0   0   0   3   2   0   0   0   0   1   1
   0   0   0  17      0  0   0   0   0   0   0   0   0   0   0   0   0
   0   0   0  18      0  0   0   0   0   0   0   0   0   0   0   0   0
   0   0   0  19      0  0   0   0   0   0   0   0   0   0   0   0   0
   0   0   1   0      0  0   0   0   0   0   0   0   0   0   0   0   0
   0   0   1   1      3  0   0   0   0   3   0   0   0   0   0   1   1
   0   0   1   2     18  0   0   0   0   3   3   0   0   0   0   1   1
   0   0   1   3     18  0   0   0   0   3   3   0   0   0   0   1   1
   0   0   1   4     13  0   0   0   0   3   2   0   0   0   0   0   0
   0   0   1   5      2  0   0   0   0   2   0   0   0   0   0   1   1
   0   0   1   6     17  0   0   0   0   2   3   0   0   0   0   1   1
   0   0   1   7     17  0   0   0   0   2   3   0   0   0   0   1   1
   0   0   1   8     17  0   0   0   0   2   3   0   0   0   0   1   1
   0   0   1   9     12  0   0   0   0   2   2   0   0   0   0   0   0
   0   0   1  10      2  0   0   0   0   2   0   0   0   0   0   1   1
   0   0   1  11     17  0   0   0   0   2   3   0   0   0   0   1   1
   0   0   1  12     17  0   0   0   0   2   3   0   0   0   0   1   1
   0   0   1  13     17  0   0   0   0   2   3   0   0   0   0   1   1
   0   0   1  14     17  0   0   0   0   2   3   0   0   0   0   1   1
   0   0   1  15     17  0   0   0   0   2   3   0   0   0   0   1   1
   0   0   1  16     17  0   0   0   0   2   3   0   0   0   0   1   1
   0   0   1  17     17  0   0   0   0   2   3   0   0   0   0   1   1
   0   0   1  18     17  0   0   0   0   2   3   0   0   0   0   1   1
   0   0   1  19     17  0   0   0   0   2   3   0   0   0   0   1   1
   0   0   2   0      0  0   0   0   0   0   0   0   0   0   0   0   0
   0   0   2   1      0  0   0   0   0   0   0   0   0   0   0   0   0
   0   0   2   2      4  0   0   0   0   4   0   0   0   0   0   1   1
   0   0   2   3     19  0   0   0   0   4   3   0   0   0   0   1   1
   0   0   2   4     19  0   0   0   0   4   3   0   0   0   0   1   1
   0   0   2   5     19  0   0   0   0   4   3   0   0   0   0   1   1
   0   0   2   6     19  0   0   0   0   4   3   0   0   0   0   1   1
   0   0   2   7     19  0   0   0   0   4   3   0   0   0   0   1   1
   0   0   2   8     14  0   0   0   0   4   2   0   0   0   0   0   0
   0   0   2   9      0  0   0   0   0   0   0   0   0   0   0   0   0
   0   0   2  10      3  0   0   0   0   3   0   0   0   0   0   1   1
   0   0   2  11     18  0   0   0   0   3   3   0   0   0   0   1   1
   0   0   2  12     13  0   0   0   0   3   2   0   0   0   0   1   1
   0   0   2  13      1  0   0   0   0   1   0   0   0   0   0   0   0
   0   0   2  14      1  0   0   0   0   1   0   0   0   0   0   0   0
   0   0   2  15      0  0   0   0   0   0   0   0   0   0   0   0   0
   0   0   2  16      4  0   0   0   0   4   0   0   0   0   0   1   1
   0   0   2  17     19  0   0   0   0   4   3   0   0   0   0   1   1
   0   0   2  18     19  0   0   0   0   4   3   0   0   0   0   1   1
   0   0   2  19     19  0   0   0   0   4   3   0   0   0   0   1   1
   0   0   3   0      0  0   0   0   0   0   0   0   0   0   0   0   0
   0   0   3   1      0  0   0   0   0   0   0   0   0   0   0   0   0
   0   0   3   2      2  0   0   0   0   2   0   0   0   0   0   1   1
   0   0   3   3     17  0   0   0   0   2   3   0   0   0   0   1   1
   0   0   3   4     17  0   0   0   0   2   3   0   0   0   0   1   1
   0   0   3   5     12  0   0   0   0   2   2   0   0   0   0   0   0
   0   0   3   6      0  0   0   0   0   0   0   0   0   0   0   0   0
   0   0   3   7      0  0   0   0   0   0   0   0   0   0   0   0   0
   0   0   3   8      2  0   0   0   0   2   0   0   0   0   0   1   1
   0   0   3   9     17  0   0   0   0   2   3   0   0   0   0   1   1
   0   0   3  10     17  0   0   0   0   2   3   0   0   0   0   1   1
   0   0   3  11     12  0   0   0   0   2   2   0   0   0   0   0   0
   0   0   3  12      4  0   0   0   0   4   0   0   0   0   0   1   1
   0   0   3  13     19  0   0   0   0   4   3   0   0   0   0   1   1
   0   0   3  14     19  0   0   0   0   4   3   0   0   0   0   1   1
   0   0   3  15     19  0   0   0   0   4   3   0   0   0   0   1   1
   0   0   3  16     19  0   0   0   0   4   3   0   0   0   0   1   1
   0   0   3  17     19  0   0   0   0   4   3   0   0   0   0   1   1
   0   0   3  18     14  0   0   0   0   4   2   0   0   0   0   0   0
   0   0   3  19      3  0   0   0   0   3   0   0   0   0   0   1   1
   0   0   4   0      0  0   0   0   0   0   0   0   0   0   0   0   0
   0   0   4   1      4  0   0   0   0   4   0   0   0   0   0   1   1
   0   0   4   2     19  0   0   0   0   4   3   0   0   0   0   1   1
   0   0   4   3     19  0   0   0   0   4   3   0   0   0   0   1   1
   0   0   4   4     19  0   0   0   0   4   3   0   0   0   0   1   1
   0   0   4   5     19  0   0   0   0   4   3   0   0   0   0   1   1
   0   0   4   6     19  0   0   0   0   4   3   0   0   0   0   1   1
   0   0   4   7     19  0   0   0   0   4   3   0   0   0   0   1   1
   0   0   4   8     19  0   0   0   0   4   3   0   0   0   0   1   1
   0   0   4   9     14  0   0   0   0   4   2   0   0   0   0   1   1
   0   0   4  10      0  0   0   0   0   0   0   0   0   0   0   0   0
   0   0   4  11      0  0   0   0   0   0   0   0   0   0   0   0   0
   0   0   4  12      0  0   0   0   0   0   0   0   0   0   0   0   0
   0   0   4  13      0  0   0   0   0   0   0   0   0   0   0   0   0
   0   0   4  14      3  0   0   0   0   3   0   0   0   0   0   1   1
   0   0   4  15     18  0   0   0   0   3   3   0   0   0   0   1   1
   0   0   4  16     18  0   0   0   0   3   3   0   0   0   0   1   1
   0   0   4  17     18  0   0   0   0   3   3   0   0   0   0   1   1
   0   0   4  18     18  0   0   0   0   3   3   0   0   0   0   1   1
   0   0   4  19     18  0   0   0   0   3   3   0   0   0   0   1   1
   0   0   5   0      0  0   0   0   0   0   0   0   0   0   0   0   0
   0   0   5   1      0  0   0   0   0   0   0   0   0   0   0   0   0
   0   0   5   2      0  0   0   0   0   0   0   0   0   0   0   0   0
   0   0   5   3      0  0   0   0   0   0   0   0   0   0   0   0   0
   0   0   5   4      3  0   0   0   0   3   0   0   0   0   0   1   1
   0   0   5   5     18  0   0   0   0   3   3   0   0   0   0   1   1
   0   0   5   6     18  0   0   0   0   3   3   0   0   0   0   1   1
   0   0   5   7     18  0   0   0   0   3   3   0   0   0   0   1   1
   0   0   5   8     13  0   0   0   0   3   2   0   0   0   0   0   0
   0   0   5   9      1  0   0   0   0   1   0   0   0   0   0   0   0
   0   0   5  10      0  0   0   0   0   0   0   0   0   0   0   0   0
   0   0   5  11      1  0   0   0   0   1   0   0   0   0   0   0   0
   0   0   5  12      3  0   0   0   0   3   0   0   0   0   0   1   1
   0   0   5  13     18  0   0   0   0   3   3   0   0   0   0   1   1
   0   0   5  14     18  0   0   0   0   3   3   0   0   0   0   1   1
   0   0   5  15     13  0   0   0   0   3   2   0   0   0   0   1   1
   0   0   5  16      4  0   0   0   0   4   0   0   0   0   0   1   1
   0   0   5  17     19  0   0   0   0   4   3   0   0   0   0   1   1
   0   0   5  18     19  0   0   0   0   4   3   0   0   0   0   1   1
   0   0   5  19     19  0   0   0   0   4   3   0   0   0   0   1   1
   0   0   6   0      0  0   0   0   0   0   0   0   0   0   0   0   0
   0   0   6   1      0  0   0   0   0   0   0   0   0   0   0   0   0
   0   0   6   2      3  0   0   0   0   3   0   0   0   0   0   1   1
   0   0   6   3     18  0   0   0   0   3   3   0   0   0   0   1   1
   0   0   6   4     13  0   0   0   0   3   2   0   0   0   0   0   0
   0   0   6   5      2  0   0   0   0   2   0   0   0   0   0   1   1
   0   0   6   6     17  0   0   0   0   2   3   0   0   0   0   1   1
   0   0   6   7     17  0   0   0   0   2   3   0   0   0   0   1   1
   0   0   6   8     17  0   0   0   0   2   3   0   0   0   0   1   1
   0   0   6   9     17  0   0   0   0   2   3   0   0   0   0   1   1
   0   0   6  10     17  0   0   0   0   2   3   0   0   0   0   1   1
   0   0   6  11     17  0   0   0   0   2   3   0   0   0   0   1   1
   0   0   6  12     17  0   0   0   0   2   3   0   0   0   0   1   1
   0   0   6  13     17  0   0   0   0   2   3   0   0   0   0   1   1
   0   0   6  14     17  0   0   0   0   2   3   0   0   0   0   1   1
   0   0   6  15     17  0   0   0   0   2   3   0   0   0   0   1   1
   0   0   6  16     17  0   0   0   0   2   3   0   0   0   0   1   1
   0   0   6  17     12  0   0   0   0   2   2   0   0   0   0   1   1
   0   0   6  18      0  0   0   0   0   0   0   0   0   0   0   0   0
   0   0   6  19      0  0   0   0   0   0   0   0   0   0   0   0   0
   0   0   7   0      0  0   0   0   0   0   0   0   0   0   0   0   0
   0   0   7   1      1  0   0   0   0   1   0   0   0   0   0   0   0
   0   0   7   2      2  0   0   0   0   2   0   0   0   0   0   1   1
   0   0   7   3     17  0   0   0   0   2   3   0   0   0   0   1   1
   0   0   7   4     17  0   0   0   0   2   3   0   0   0   0   1   1
   0   0   7   5     17  0   0   0   0   2   3   0   0   0   0   1   1
   0   0   7   6     17  0   0   0   0   2   3   0   0   0   0   1   1
   0   0   7   7     17  0   0   0   0   2   3   0   0   0   0   1   1
   0   0   7   8     17  0   0   0   0   2   3   0   0   0   0   1   1
   0   0   7   9     12  0   0   0   0   2   2   0   0   0   0   1   1
   0   0   7  10      2  0   0   0   0   2   0   0   0   0   0   1   1
   0   0   7  11     17  0   0   0   0   2   3   0   0   0   0   1   1
   0   0   7  12     17  0   0   0   0   2   3   0   0   0   0   1   1
   0   0   7  13     17  0   0   0   0   2   3   0   0   0   0   1   1
   0   0   7  14     17  0   0   0   0   2   3   0   0   0   0   1   1
   0   0   7  15     17  0   0   0   0   2   3   0   0   0   0   1   1
   0   0   7  16     12  0   0   0   0   2   2   0   0   0   0   1   1
   0   0   7  17      0  0   0   0   0   0   0   0   0   0   0   0   0
   0   0   7  18      4  0   0   0   0   4   0   0   0   0   0   1   1
   0   0   7  19     19  0   0   0   0   4   3   0   0   0   0   1   1
   0   0   8   0      0  0   0   0   0   0   0   0   0   0   0   0   0
   0   0   8   1      4  0   0   0   0   4   0   0   0   0   0   1   1
   0   0   8   2     19  0   0   0   0   4   3   0   0   0   0   1   1
   0   0   8   3     14  0   0   0   0   4   2   0   0   0   0   1   1
   0   0   8   4      0  0   0   0   0   0   0   0   0   0   0   0   0
   0   0   8   5      3  0   0   0   0   3   0   0   0   0   0   1   1
   0   0   8   6     18  0   0   0   0   3   3   0   0   0   0   1   1
   0   0   8   7     13  0   0   0   0   3   2   0   0   0   0   1   1
   0   0   8   8      0  0   0   0   0   0   0   0   0   0   0   0   0
   0   0   8   9      4  0   0   0   0   4   0   0   0   0   0   1   1
   0   0   8  10     19  0   0   0   0   4   3   0   0   0   0   1   1
   0   0   8  11     19  0   0   0   0   4   3   0   0   0   0   1   1
   0   0   8  12     19  0   0   0   0   4   3   0   0   0   0   1   1
   0   0   8  13     19  0   0   0   0   4   3   0   0   0   0   1   1
   0   0   8  14     14  0   0   0   0   4   2   0   0   0   0   0   0
   0   0   8  15      3  0   0   0   0   3   0   0   0   0   0   1   1
   0   0   8  16     18  0   0   0   0   3   3   0   0   0   0   1   1
   0   0   8  17     13  0   0   0   0   3   2   0   0   0   0   1   1
   0   0   8  18      0  0   0   0   0   0   0   0   0   0   0   0   0
   0   0   8  19      0  0   0   0   0   0   0   0   0   0   0   0   0
   0   0   9   0      0  0   0   0   0   0   0   0   0   0   0   0   0
   0   0   9   1      3  0   0   0   0   3   0   0   0   0   0   1   1
   0   0   9   2     18  0   0   0   0   3   3   0   0   0   0   1   1
   0   0   9   3     18  0   0   0   0   3   3   0   0   0   0   1   1
   0   0   9   4     18  0   0   0   0   3   3   0   0   0   0   1   1
   0   0   9   5     18  0   0   0   0   3   3   0   0   0   0   1   1
   0   0   9   6     18  0   0   0   0   3   3   0   0   0   0   1   1
   0   0   9   7     18  0   0   0   0   3   3   0   0   0   0   1   1
   0   0   9   8     18  0   0   0   0   3   3   0   0   0   0   1   1
   0   0   9   9     18  0   0   0   0   3   3   0   0   0   0   1   1
   0   0   9  10     18  0   0   0   0   3   3   0   0   0   0   1   1
   0   0   9  11     18  0   0   0   0   3   3   0   0   0   0   1   1
   0   0   9  12     18  0   0   0   0   3   3   0   0   0   0   1   1
   0   0   9  13     18  0   0   0   0   3   3   0   0   0   0   1   1
   0   0   9  14     13  0   0   0   0   3   2   0   0   0   0   0   0
   0   0   9  15      4  0   0   0   0   4   0   0   0   0   0   1   1
   0   0   9  16     19  0   0   0   0   4   3   0   0   0   0   1   1
   0   0   9  17     19  0   0   0   0   4   3   0   0   0   0   1   1
   0   0   9  18     14  0   0   0   0   4   2   0   0   0   0   0   0
   0   0   9  19      0  0   0   0   0   0   0   0   0   0   0   0   0
   0   0  10   0      0  0   0   0   0   0   0   0   0   0   0   0   0
   0   0  10   1      2  0   0   0   0   2   0   0   0   0   0   1   1
   0   0  10   2     17  0   0   0   0   2   3   0   0   0   0   1   1
   0   0  10   3     17  0   0   0   0   2   3   0   0   0   0   1   1
   0   0  10   4     17  0   0   0   0   2   3   0   0   0   0   1   1
   0   0  10   5     12  0   0   0   0   2   2   0   0   0   0   0   0
   0   0  10   6      4  0   0   0   0   4   0   0   0   0   0   1   1
   0   0  10   7     19  0   0   0   0   4   3   0   0   0   0   1   1
   0   0  10   8     19  0   0   0   0   4   3   0   0   0   0   1   1
   0   0  10   9     19  0   0   0   0   4   3   0   0   0   0   1   1
   0   0  10  10     14  0   0   0   0   4   2   0   0   0   0   1   1
   0   0  10  11      0  0   0   0   0   0   0   0   0   0   0   0   0
   0   0  10  12      0  0   0   0   0   0   0   0   0   0   0   0   0
   0   0  10  13      2  0   0   0   0   2   0   0   0   0   0   1   1
   0   0  10  14     17  0   0   0   0   2   3   0   0   0   0   1   1
   0   0  10  15     12  0   0   0   0   2   2   0   0   0   0   0   0
   0   0  10  16      1  0   0   0   0   1   0   0   0   0   0   0   0
   0   0  10  17      3  0   0   0   0   3   0   0   0   0   0   1   1
   0   0  10  18     18  0   0   0   0   3   3   0   0   0   0   1   1
   0   0  10  19     18  0   0   0   0   3   3   0   0   0   0   1   1
   0   0  11   0      0  0   0   0   0   0   0   0   0   0   0   0   0
   0   0  11   1      0  0   0   0   0   0   0   0   0   0   0   0   0
   0   0  11   2      0  0   0   0   0   0   0   0   0   0   0   0   0
   0   0  11   3      0  0   0   0   0   0   0   0   0   0   0   0   0
   0   0  11   4      0  0   0   0   0   0   0   0   0   0   0   0   0
   0   0  11   5      0  0   0   0   0   0   0   0   0   0   0   0   0
   0   0  11   6      0  0   0   0   0   0   0   0   0   0   0   0   0
   0   0  11   7      1  0   0   0   0   1   0   0   0   0   0   0   0
   0   0  11   8      0  0   0   0   0   0   0   0   0   0   0   0   0
   0   0  11   9      1  0   0   0   0   1   0   0   0   0   0   0   0
   0   0  11  10      0  0   0   0   0   0   0   0   0   0   0   0   0
   0   0  11  11      0  0   0   0   0   0   0   0   0   0   0   0   0
   0   0  11  12      0  0   0   0   0   0   0   0   0   0   0   0   0
   0   0  11  13      4  0   0   0   0   4   0   0   0   0   0   1   1
   0   0  11  14     19  0   0   0   0   4   3   0   0   0   0   1   1
   0   0  11  15     19  0   0   0   0   4   3   0   0   0   0   1   1
   0   0  11  16     19  0   0   0   0   4   3   0   0   0   0   1   1
   0   0  11  17     14  0   0   0   0   4   2   0   0   0   0   0   0
   0   0  11  18      0  0   0   0   0   0   0   0   0   0   0   0   0
   0   0  11  19      0  0   0   0   0   0   0   0   0   0   0   0   0
   0   0  12   0      0  0   0   0   0   0   0   0   0   0   0   0   0
   0   0  12   1      0  0   0   0   0   0   0   0   0   0   0   0   0
   0   0  12   2      0  0   0   0   0   0   0   0   0   0   0   0   0
   0   0  12   3      0  0   0   0   0   0   0   0   0   0   0   0   0
   0   0  12   4      4  0   0   0   0   4   0   0   0   0   0   1   1
   0   0  12   5     19  0   0   0   0   4   3   0   0   0   0   1   1
   0   0  12   6     19  0   0   0   0   4   3   0   0   0   0   1   1
   0   0  12   7     19  0   0   0   0   4   3   0   0   0   0   1   1
   0   0  12   8     14  0   0   0   0   4   2   0   0   0   0   0   0
   0   0  12   9      1  0   0   0   0   1   0   0   0   0   0   0   0
   0   0  12  10      4  0   0   0   0   4   0   0   0   0   0   1   1
   0   0  12  11     19  0   0   0   0   4   3   0   0   0   0   1   1
   0   0  12  12     14  0   0   0   0   4   2   0   0   0   0   1   1
   0   0  12  13      0  0   0   0   0   0   0   0   0   0   0   0   0
   0   0  12  14      4  0   0   0   0   4   0   0   0   0   0   1   1
   0   0  12  15     19  0   0   0   0   4   3   0   0   0   0   1   1
   0   0  12  16     19  0   0   0   0   4   3   0   0   0   0   1   1
   0   0  12  17     19  0   0   0   0   4   3   0   0   0   0   1   1
   0   0  12  18     19  0   0   0   0   4   3   0   0   0   0   1   1
   0   0  12  19     19  0   0   0   0   4   3   0   0   0   0   1   1
   0   0  13   0      0  0   0   0   0   0   0   0   0   0   0   0   0
   0   0  13   1      2  0   0   0   0   2   0   0   0   0   0   1   1
   0   0  13   2     17  0   0   0   0   2   3   0   0   0   0   1   1
   0   0  13   3     17  0   0   0   0   2   3   0   0   0   0   1   1
   0   0  13   4     17  0   0   0   0   2   3   0   0   0   0   1   1
   0   0  13   5     12  0   0   0   0   2   2   0   0   0   0   1   1
   0   0  13   6      0  0   0   0   0   0   0   0   0   0   0   0   0
   0   0  13   7      1  0   0   0   0   1   0   0   0   0   0   0   0
   0   0  13   8      0  0   0   0   0   0   0   0   0   0   0   0   0
   0   0  13   9      3  0   0   0   0   3   0   0   0   0   0   1   1
   0   0  13  10     18  0   0   0   0   3   3   0   0   0   0   1   1
   0   0  13  11     13  0   0   0   0   3   2   0   0   0   0   0   0
   0   0  13  12      3  0   0   0   0   3   0   0   0   0   0   1   1
   0   0  13  13     18  0   0   0   0   3   3   0   0   0   0   1   1
   0   0  13  14     18  0   0   0   0   3   3   0   0   0   0   1   1
   0   0  13  15     18  0   0   0   0   3   3   0   0   0   0   1   1
   0   0  13  16     18  0   0   0   0   3   3   0   0   0   0   1   1
   0   0  13  17     13  0   0   0   0   3   2   0   0   0   0   0   0
   0   0  13  18      0  0   0   0   0   0   0   0   0   0   0   0   0
   0   0  13  19      0  0   0   0   0   0   0   0   0   0   0   0   0
   0   0  14   0      0  0   0   0   0   0   0   0   0   0   0   0   0
   0   0  14   1      0  0   0   0   0   0   0   0   0   0   0   0   0
   0   0  14   2      0  0   0   0   0   0   0   0   0   0   0   0   0
   0   0  14   3      0  0   0   0   0   0   0   0   0   0   0   0   0
   0   0  14   4      3  0   0   0   0   3   0   0   0   0   0   1   1
   0   0  14   5     18  0   0   0   0   3   3   0   0   0   0   1   1
   0   0  14   6     18  0   0   0   0   3   3   0   0   0   0   1   1
   0   0  14   7     18  0   0   0   0   3   3   0   0   0   0   1   1
   0   0  14   8     18  0   0   0   0   3   3   0   0   0   0   1   1
   0   0  14   9     18  0   0   0   0   3   3   0   0   0   0   1   1
   0   0  14  10     18  0   0   0   0   3   3   0   0   0   0   1   1
   0   0  14  11     18  0   0   0   0   3   3   0   0   0   0   1   1
   0   0  14  12     13  0   0   0   0   3   2   0   0   0   0   0   0
   0   0  14  13      0  0   0   0   0   0   0   0   0   0   0   0   0
   0   0  14  14      0  0   0   0   0   0   0   0   0   0   0   0   0
   0   0  14  15      4  0   0   0   0   4   0   0   0   0   0   1   1
   0   0  14  16     19  0   0   0   0   4   3   0   0   0   0   1   1
   0   0  14  17     14  0   0   0   0   4   2   0   0   0   0   1   1
   0   0  14  18      3  0   0   0   0   3   0   0   0   0   0   1   1
   0   0  14  19     18  0   0   0   0   3   3   0   0   0   0   1   1
   0   0  15   0      0  0   0   0   0   0   0   0   0   0   0   0   0
   0   0  15   1      0  0   0   0   0   0   0   0   0   0   0   0   0
   0   0  15   2      3  0   0   0   0   3   0   0   0   0   0   1   1
   0   0  15   3     18  0   0   0   0   3   3   0   0   0   0   1   1
   0   0  15   4     13  0   0   0   0   3   2   0   0   0   0   1   1
   0   0  15   5      0  0   0   0   0   0   0   0   0   0   0   0   0
   0   0  15   6      0  0   0   0   0   0   0   0   0   0   0   0   0
   0   0  15   7      2  0   0   0   0   2   0   0   0   0   0   1   1
   0   0  15   8     17  0   0   0   0   2   3   0   0   0   0   1   1
   0   0  15   9     17  0   0   0   0   2   3   0   0   0   0   1   1
   0   0  15  10     17  0   0   0   0   2   3   0   0   0   0   1   1
   0   0  15  11     17  0   0   0   0   2   3   0   0   0   0   1   1
   0   0  15  12     17  0   0   0   0   2   3   0   0   0   0   1   1
   0   0  15  13     17  0   0   0   0   2   3   0   0   0   0   1   1
   0   0  15  14     17  0   0   0   0   2   3   0   0   0   0   1   1
   0   0  15  15     17  0   0   0   0   2   3   0   0   0   0   1   1
   0   0  15  16     12  0   0   0   0   2   2   0   0   0   0   1   1
   0   0  15  17      0  0   0   0   0   0   0   0   0   0   0   0   0
   0   0  15  18      0  0   0   0   0   0   0   0   0   0   0   0   0
   0   0  15  19      4  0   0   0   0   4   0   0   0   0   0   1   1
   0   0  16   0      0  0   0   0   0   0   0   0   0   0   0   0   0
   0   0  16   1      4  0   0   0   0   4   0   0   0   0   0   1   1
   0   0  16   2     19  0   0   0   0   4   3   0   0   0   0   1   1
   0   0  16   3     19  0   0   0   0   4   3   0   0   0   0   1   1
   0   0  16   4     19  0   0   0   0   4   3   0   0   0   0   1   1
   0   0  16   5     14  0   0   0   0   4   2   0   0   0   0   0   0
   0   0  16   6      0  0   0   0   0   0   0   0   0   0   0   0   0
   0   0  16   7      0  0   0   0   0   0   0   0   0   0   0   0   0
   0   0  16   8      0  0   0   0   0   0   0   0   0   0   0   0   0
   0   0  16   9      0  0   0   0   0   0   0   0   0   0   0   0   0
   0   0  16  10      0  0   0   0   0   0   0   0   0   0   0   0   0
   0   0  16  11      2  0   0   0   0   2   0   0   0   0   0   1   1
   0   0  16  12     17  0   0   0   0   2   3   0   0   0   0   1   1
   0   0  16  13     12  0   0   0   0   2   2   0   0   0   0   1   1
   0   0  16  14      0  0   0   0   0   0   0   0   0   0   0   0   0
   0   0  16  15      4  0   0   0   0   4   0   0   0   0   0   1   1
   0   0  16  16     19  0   0   0   0   4   3   0   0   0   0   1   1
   0   0  16  17     19  0   0   0   0   4   3   0   0   0   0   1   1
   0   0  16  18     19  0   0   0   0   4   3   0   0   0   0   1   1
   0   0  16  19     19  0   0   0   0   4   3   0   0   0   0   1   1
   0   0  17   0      0  0   0   0   0   0   0   0   0   0   0   0   0
   0   0  17   1      1  0   0   0   0   1   0   0   0   0   0   0   0
   0   0  17   2      2  0   0   0   0   2   0   0   0   0   0   1   1
   0   0  17   3     17  0   0   0   0   2   3   0   0   0   0   1   1
   0   0  17   4     17  0   0   0   0   2   3   0   0   0   0   1   1
   0   0  17   5     12  0   0   0   0   2   2   0   0   0   0   0   0
   0   0  17   6      2  0   0   0   0   2   0   0   0   0   0   1   1
   0   0  17   7     17  0   0   0   0   2   3   0   0   0   0   1   1
   0   0  17   8     17  0   0   0   0   2   3   0   0   0   0   1   1
   0   0  17   9     12  0   0   0   0   2   2   0   0   0   0   1   1
   0   0  17  10      0  0   0   0   0   0   0   0   0   0   0   0   0
   0   0  17  11      0  0   0   0   0   0   0   0   0   0   0   0   0
   0   0  17  12      0  0   0   0   0   0   0   0   0   0   0   0   0
   0   0  17  13      2  0   0   0   0   2   0   0   0   0   0   1   1
   0   0  17  14     17  0   0   0   0   2   3   0   0   0   0   1   1
   0   0  17  15     17  0   0   0   0   2   3   0   0   0   0   1   1
   0   0  17  16     17  0   0   0   0   2   3   0   0   0   0   1   1
   0   0  17  17     17  0   0   0   0   2   3   0   0   0   0   1   1
   0   0  17  18     17  0   0   0   0   2   3   0   0   0   0   1   1
   0   0  17  19     17  0   0   0   0   2   3   0   0   0   0   1   1
   0   0  18   0      0  0   0   0   0   0   0   0   0   0   0   0   0
   0   0  18   1      0  0   0   0   0   0   0   0   0   0   0   0   0
   0   0  18   2      0  0   0   0   0   0   0   0   0   0   0   0   0
   0   0  18   3      0  0   0   0   0   0   0   0   0   0   0   0   0
   0   0  18   4      3  0   0   0   0   3   0   0   0   0   0   1   1
   0   0  18   5     18  0   0   0   0   3   3   0   0   0   0   1   1
   0   0  18   6     18  0   0   0   0   3   3   0   0   0   0   1   1
   0   0  18   7     18  0   0   0   0   3   3   0   0   0   0   1   1
   0   0  18   8     18  0   0   0   0   3   3   0   0   0   0   1   1
   0   0  18   9     13  0   0   0   0   3   2   0   0   0   0   1   1
   0   0  18  10      0  0   0   0   0   0   0   0   0   0   0   0   0
   0   0  18  11      0  0   0   0   0   0   0   0   0   0   0   0   0
   0   0  18  12      4  0   0   0   0   4   0   0   0   0   0   1   1
   0   0  18  13     19  0   0   0   0   4   3   0   0   0   0   1   1
   0   0  18  14     19  0   0   0   0   4   3   0   0   0   0   1   1
   0   0  18  15     19  0   0   0   0   4   3   0   0   0   0   1   1
   0   0  18  16     19  0   0   0   0   4   3   0   0   0   0   1   1
   0   0  18  17     19  0   0   0   0   4   3   0   0   0   0   1   1
   0   0  18  18     19  0   0   0   0   4   3   0   0   0   0   1   1
   0   0  18  19     14  0   0   0   0   4   2   0   0   0   0   0   0
   0   0  19   0      0  0   0   0   0   0   0   0   0   0   0   0   0
   0   0  19   1      3  0   0   0   0   3   0   0   0   0   0   1   1
   0   0  19   2     18  0   0   0   0   3   3   0   0   0   0   1   1
   0   0  19   3     18  0   0   0   0   3   3   0   0   0   0   1   1
   0   0  19   4     18  0   0   0   0   3   3   0   0   0   0   1   1
   0   0  19   5     18  0   0   0   0   3   3   0   0   0   0   1   1
   0   0  19   6     18  0   0   0   0   3   3   0   0   0   0   1   1
   0   0  19   7     18  0   0   0   0   3   3   0   0   0   0   1   1
   0   0  19   8     18  0   0   0   0   3   3   0   0   0   0   1   1
   0   0  19   9     18  0   0   0   0   3   3   0   0   0   0   1   1
   0   0  19  10     18  0   0   0   0   3   3   0   0   0   0   1   1
   0   0  19  11     18  0   0   0   0   3   3   0   0   0   0   1   1
   0   0  19  12     18  0   0   0   0   3   3   0   0   0   0   1   1
   0   0  19  13     13  0   0   0   0   3   2   0   0   0   0   0   0
   0   0  19  14      1  0   0   0   0   1   0   0   0   0   0   0   0
   0   0  19  15      2  0   0   0   0   2   0   0   0   0   0   1   1
   0   0  19  16     17  0   0   0   0   2   3   0   0   0   0   1   1
   0   0  19  17     12  0   0   0   0   2   2   0   0   0   0   0   0
   0   0  19  18      1  0   0   0   0   1   0   0   0   0   0   0   0
   0   0  19  19      0  0   0   0   0   0   0   0   0   0   0   0   0
   0   0  20   0      0  0   0   0   0   0   0   0   0   0   0   0   0
   0   0  20   1      0  0   0   0   0   0   0   0   0   0   0   0   0
   0   0  20   2      0  0   0   0   0   0   0   0   0   0   0   0   0
   0   0  20   3      1  0   0   0   0   1   0   0   0   0   0   0   0
   0   0  20   4      0  0   0   0   0   0   0   0   0   0   0   0   0
   0   0  20   5      0  0   0   0   0   0   0   0   0   0   0   0   0
   0   0  20   6      0  0   0   0   0   0   0   0   0   0   0   0   0
   0   0  20   7      1  0   0   0   0   1   0   0   0   0   0   0   0
   0   0  20   8      0  0   0   0   0   0   0   0   0   0   0   0   0
   0   0  20   9      1  0   0   0   0   1   0   0   0   0   0   0   0
   0   0  20  10      0  0   0   0   0   0   0   0   0   0   0   0   0
   0   0  20  11      0  0   0   0   0   0   0   0   0   0   0   0   0
   0   0  20  12      0  0   0   0   0   0   0   0   0   0   0   0   0
   0   0  20  13      0  0   0   0   0   0   0   0   0   0   0   0   0
   0   0  20  14      0  0   0   0   0   0   0   0   0   0   0   0   0
   0   0  20  15      0  0   0   0   0   0   0   0   0   0   0   0   0
   0   0  20  16      0  0   0   0   0   0   0   0   0   0   0   0   0
   0   0  20  17      0  0   0   0   0   0   0   0   0   0   0   0   0
   0   0  20  18      0  0   0   0   0   0   0   0   0   0   0   0   0
   0   0  20  19      3  0   0   0   0   3   0   0   0   0   0   1   1
   0   0  21   0      0  0   0   0   0   0   0   0   0   0   0   0   0
   0   0  21   1      0  0   0   0   0   0   0   0   0   0   0   0   0
   0   0  21   2      0  0   0   0   0   0   0   0   0   0   0   0   0
   0   0  21   3      1  0   0   0   0   1   0   0   0   0   0   0   0
   0   0  21   4      0  0   0   0   0   0   0   0   0   0   0   0   0
   0   0  21   5      4  0   0   0   0   4   0   0   0   0   0   1   1
   0   0  21   6     19  0   0   0   0   4   3   0   0   0   0   1   1
   0   0  21   7     19  0   0   0   0   4   3   0   0   0   0   1   1
   0   0  21   8     14  0   0   0   0   4   2   0   0   0   0   0   0
   0   0  21   9      0  0   0   0   0   0   0   0   0   0   0   0   0
   0   0  21  10      0  0   0   0   0   0   0   0   0   0   0   0   0
   0   0  21  11      0  0   0   0   0   0   0   0   0   0   0   0   0
   0   0  21  12      0  0   0   0   0   0   0   0   0   0   0   0   0
   0   0  21  13      2  0   0   0   0   2   0   0   0   0   0   1   1
   0   0  21  14     17  0   0   0   0   2   3   0   0   0   0   1   1
   0   0  21  15     17  0   0   0   0   2   3   0   0   0   0   1   1
   0   0  21  16     17  0   0   0   0   2   3   0   0   0   0   1   1
   0   0  21  17     17  0   0   0   0   2   3   0   0   0   0   1   1
   0   0  21  18     17  0   0   0   0   2   3   0   0   0   0   1   1
   0   0  21  19     17  0   0   0   0   2   3   0   0   0   0   1   1
   0   0  22   0      0  0   0   0   0   0   0   0   0   0   0   0   0
   0   0  22   1      0  0   0   0   0   0   0   0   0   0   0   0   0
   0   0  22   2      4  0   0   0   0   4   0   0   0   0   0   1   1
   0   0  22   3     19  0   0   0   0   4   3   0   0   0   0   1   1
   0   0  22   4     19  0   0   0   0   4   3   0   0   0   0   1   1
   0   0  22   5     14  0   0   0   0   4   2   0   0   0   0   1   1
   0   0  22   6      0  0   0   0   0   0   0   0   0   0   0   0   0
   0   0  22   7      1  0   0   0   0   1   0   0   0   0   0   0   0
   0   0  22   8      0  0   0   0   0   0   0   0   0   0   0   0   0
   0   0  22   9      0  0   0   0   0   0   0   0   0   0   0   0   0
   0   0  22  10      0  0   0   0   0   0   0   0   0   0   0   0   0
   0   0  22  11      0  0   0   0   0   0   0   0   0   0   0   0   0
   0   0  22  12      3  0   0   0   0   3   0   0   0   0   0   1   1
   0   0  22  13     18  0   0   0   0   3   3   0   0   0   0   1   1
   0   0  22  14     18  0   0   0   0   3   3   0   0   0   0   1   1
   0   0  22  15     13  0   0   0   0   3   2   0   0   0   0   0   0
   0   0  22  16      2  0   0   0   0   2   0   0   0   0   0   1   1
   0   0  22  17     17  0   0   0   0   2   3   0   0   0   0   1   1
   0   0  22  18     17  0   0   0   0   2   3   0   0   0   0   1   1
   0   0  22  19     17  0   0   0   0   2   3   0   0   0   0   1   1
   0   0  23   0      0  0   0   0   0   0   0   0   0   0   0   0   0
   0   0  23   1      4  0   0   0   0   4   0   0   0   0   0   1   1
   0   0  23   2     19  0   0   0   0   4   3   0   0   0   0   1   1
   0   0  23   3     19  0   0   0   0   4   3   0   0   0   0   1   1
   0   0  23   4     19  0   0   0   0   4   3   0   0   0   0   1   1
   0   0  23   5     14  0   0   0   0   4   2   0   0   0   0   0   0
   0   0  23   6      2  0   0   0   0   2   0   0   0   0   0   1   1
   0   0  23   7     17  0   0   0   0   2   3   0   0   0   0   1   1
   0   0  23   8     17  0   0   0   0   2   3   0   0   0   0   1   1
   0   0  23   9     17  0   0   0   0   2   3   0   0   0   0   1   1
   0   0  23  10     12  0   0   0   0   2   2   0   0   0   0   1   1
   0   0  23  11      0  0   0   0   0   0   0   0   0   0   0   0   0
   0   0  23  12      1  0   0   0   0   1   0   0   0   0   0   0   0
   0   0  23  13      0  0   0   0   0   0   0   0   0   0   0   0   0
   0   0  23  14      0  0   0   0   0   0   0   0   0   0   0   0   0
   0   0  23  15      0  0   0   0   0   0   0   0   0   0   0   0   0
   0   0  23  16      0  0   0   0   0   0   0   0   0   0   0   0   0
   0   0  23  17      0  0   0   0   0   0   0   0   0   0   0   0   0
   0   0  23  18      0  0   0   0   0   0   0   0   0   0   0   0   0
   0   0  23  19      0  0   0   0   0   0   0   0   0   0   0   0   0
   0   0  24   0      0  0   0   0   0   0   0   0   0   0   0   0   0
   0   0  24   1      0  0   0   0   0   0   0   0   0   0   0   0   0
   0   0  24   2      0  0   0   0   0   0   0   0   0   0   0   0   0
   0   0  24   3      0  0   0   0   0   0   0   0   0   0   0   0   0
   0   0  24   4      4  0   0   0   0   4   0   0   0   0   0   1   1
   0   0  24   5     19  0   0   0   0   4   3   0   0   0   0   1   1
   0   0  24   6     19  0   0   0   0   4   3   0   0   0   0   1   1
   0   0  24   7     19  0   0   0   0   4   3   0   0   0   0   1   1
   0   0  24   8     19  0   0   0   0   4   3   0   0   0   0   1   1
   0   0  24   9     19  0   0   0   0   4   3   0   0   0   0   1   1
   0   0  24  10     19  0   0   0   0   4   3   0   0   0   0   1   1
   0   0  24  11     14  0   0   0   0   4   2   0   0   0   0   0   0
   0   0  24  12      0  0   0   0   0   0   0   0   0   0   0   0   0
   0   0  24  13      4  0   0   0   0   4   0   0   0   0   0   1   1
   0   0  24  14     19  0   0   0   0   4   3   0   0   0   0   1   1
   0   0  24  15     19  0   0   0   0   4   3   0   0   0   0   1   1
   0   0  24  16     14  0   0   0   0   4   2   0   0   0   0   0   0
   0   0  24  17      1  0   0   0   0   1   0   0   0   0   0   0   0
   0   0  24  18      2  0   0   0   0   2   0   0   0   0   0   1   1
   0   0  24  19     17  0   0   0   0   2   3   0   0   0   0   1   1
   0   0  25   0      0  0   0   0   0   0   0   0   0   0   0   0   0
   0   0  25   1      0  0   0   0   0   0   0   0   0   0   0   0   0
   0   0  25   2      0  0   0   0   0   0   0   0   0   0   0   0   0
   0   0  25   3      0  0   0   0   0   0   0   0   0   0   0   0   0
   0   0  25   4      0  0   0   0   0   0   0   0   0   0   0   0   0
   0   0  25   5      4  0   0   0   0   4   0   0   0   0   0   1   1
   0   0  25   6     19  0   0   0   0   4   3   0   0   0   0   1   1
   0   0  25   7     19  0   0   0   0   4   3   0   0   0   0   1   1
   0   0  25   8     19  0   0   0   0   4   3   0   0   0   0   1   1
   0   0  25   9     19  0   0   0   0   4   3   0   0   0   0   1   1
   0   0  25  10     19  0   0   0   0   4   3   0   0   0   0   1   1
   0   0  25  11     19  0   0   0   0   4   3   0   0   0   0   1   1
   0   0  25  12     19  0   0   0   0   4   3   0   0   0   0   1   1
   0   0  25  13     19  0   0   0   0   4   3   0   0   0   0   1   1
   0   0  25  14     19  0   0   0   0   4   3   0   0   0   0   1   1
   0   0  25  15     14  0   0   0   0   4   2   0   0   0   0   0   0
   0   0  25  16      0  0   0   0   0   0   0   0   0   0   0   0   0
   0   0  25  17      0  0   0   0   0   0   0   0   0   0   0   0   0
   0   0  25  18      0  0   0   0   0   0   0   0   0   0   0   0   0
   0   0  25  19      4  0   0   0   0   4   0   0   0   0   0   1   1
   0   0  26   0      0  0   0   0   0   0   0   0   0   0   0   0   0
   0   0  26   1      0  0   0   0   0   0   0   0   0   0   0   0   0
   0   0  26   2      0  0   0   0   0   0   0   0   0   0   0   0   0
   0   0  26   3      0  0   0   0   0   0   0   0   0   0   0   0   0
   0   0  26   4      0  0   0   0   0   0   0   0   0   0   0   0   0
   0   0  26   5      3  0   0   0   0   3   0   0   0   0   0   1   1
   0   0  26   6     18  0   0   0   0   3   3   0   0   0   0   1   1
   0   0  26   7     13  0   0   0   0   3   2   0   0   0   0   1   1
   0   0  26   8      0  0   0   0   0   0   0   0   0   0   0   0   0
   0   0  26   9      0  0   0   0   0   0   0   0   0   0   0   0   0
   0   0  26  10      1  0   0   0   0   1   0   0   0   0   0   0   0
   0   0  26  11      0  0   0   0   0   0   0   0   0   0   0   0   0
   0   0  26  12      0  0   0   0   0   0   0   0   0   0   0   0   0
   0   0  26  13      0  0   0   0   0   0   0   0   0   0   0   0   0
   0   0  26  14      3  0   0   0   0   3   0   0   0   0   0   1   1
   0   0  26  15     18  0   0   0   0   3   3   0   0   0   0   1   1
   0   0  26  16     13  0   0   0   0   3   2   0   0   0   0   1   1
   0   0  26  17      4  0   0   0   0   4   0   0   0   0   0   1   1
   0   0  26  18     19  0   0   0   0   4   3   0   0   0   0   1   1
   0   0  26  19     19  0   0   0   0   4   3   0   0   0   0   1   1
   0   0  27   0      0  0   0   0   0   0   0   0   0   0   0   0   0
   0   0  27   1      4  0   0   0   0   4   0   0   0   0   0   1   1
   0   0  27   2     19  0   0   0   0   4   3   0   0   0   0   1   1
   0   0  27   3     19  0   0   0   0   4   3   0   0   0   0   1   1
   0   0  27   4     19  0   0   0   0   4   3   0   0   0   0   1   1
   0   0  27   5     19  0   0   0   0   4   3   0   0   0   0   1   1
   0   0  27   6     14  0   0   0   0   4   2   0   0   0   0   0   0
   0   0  27   7      0  0   0   0   0   0   0   0   0   0   0   0   0
   0   0  27   8      1  0   0   0   0   1   0   0   0   0   0   0   0
   0   0  27   9      2  0   0   0   0   2   0   0   0   0   0   1   1
   0   0  27  10     17  0   0   0   0   2   3   0   0   0   0   1   1
   0   0  27  11     17  0   0   0   0   2   3   0   0   0   0   1   1
   0   0  27  12     17  0   0   0   0   2   3   0   0   0   0   1   1
   0   0  27  13     17  0   0   0   0   2   3   0   0   0   0   1   1
   0   0  27  14     17  0   0   0   0   2   3   0   0   0   0   1   1
   0   0  27  15     17  0   0   0   0   2   3   0   0   0   0   1   1
   0   0  27  16     17  0   0   0   0   2   3   0   0   0   0   1   1
   0   0  27  17     17  0   0   0   0   2   3   0   0   0   0   1   1
   0   0  27  18     17  0   0   0   0   2   3   0   0   0   0   1   1
   0   0  27  19     17  0   0   0   0   2   3   0   0   0   0   1   1
   0   0  28   0      0  0   0   0   0   0   0   0   0   0   0   0   0
   0   0  28   1      0  0   0   0   0   0   0   0   0   0   0   0   0
   0   0  28   2      0  0   0   0   0   0   0   0   0   0   0   0   0
   0   0  28   3      4  0   0   0   0   4   0   0   0   0   0   1   1
   0   0  28   4     19  0   0   0   0   4   3   0   0   0   0   1   1
   0   0  28   5     19  0   0   0   0   4   3   0   0   0   0   1   1
   0   0  28   6     14  0   0   0   0   4   2   0   0   0   0   0   0
   0   0  28   7      4  0   0   0   0   4   0   0   0   0   0   1   1
   0   0  28   8     19  0   0   0   0   4   3   0   0   0   0   1   1
   0   0  28   9     19  0   0   0   0   4   3   0   0   0   0   1   1
   0   0  28  10     19  0   0   0   0   4   3   0   0   0   0   1   1
   0   0  28  11     19  0   0   0   0   4   3   0   0   0   0   1   1
   0   0  28  12     19  0   0   0   0   4   3   0   0   0   0   1   1
   0   0  28  13     14  0   0   0   0   4   2   0   0   0   0   0   0
   0   0  28  14      0  0   0   0   0   0   0   0   0   0   0   0   0
   0   0  28  15      0  0   0   0   0   0   0   0   0   0   0   0   0
   0   0  28  16      0  0   0   0   0   0   0   0   0   0   0   0   0
   0   0  28  17      0  0   0   0   0   0   0   0   0   0   0   0   0
   0   0  28  18      4  0   0   0   0   4   0   0   0   0   0   1   1
   0   0  28  19     19  0   0   0   0   4   3   0   0   0   0   1   1
   0   0  29   0      0  0   0   0   0   0   0   0   0   0   0   0   0
   0   0  29   1      0  0   0   0   0   0   0   0   0   0   0   0   0
   0   0  29   2      3  0   0   0   0   3   0   0   0   0   0   1   1
   0   0  29   3     18  0   0   0   0   3   3   0   0   0   0   1   1
   0   0  29   4     18  0   0   0   0   3   3   0   0   0   0   1   1
   0   0  29   5     18  0   0   0   0   3   3   0   0   0   0   1   1
   0   0  29   6     18  0   0   0   0   3   3   0   0   0   0   1   1
   0   0  29   7     18  0   0   0   0   3   3   0   0   0   0   1   1
   0   0  29   8     13  0   0   0   0   3   2   0   0   0   0   1   1
   0   0  29   9      0  0   0   0   0   0   0   0   0   0   0   0   0
   0   0  29  10      0  0   0   0   0   0   0   0   0   0   0   0   0
   0   0  29  11      4  0   0   0   0   4   0   0   0   0   0   1   1
   0   0  29  12     19  0   0   0   0   4   3   0   0   0   0   1   1
   0   0  29  13     19  0   0   0   0   4   3   0   0   0   0   1   1
   0   0  29  14     19  0   0   0   0   4   3   0   0   0   0   1   1
   0   0  29  15     19  0   0   0   0   4   3   0   0   0   0   1   1
   0   0  29  16     19  0   0   0   0   4   3   0   0   0   0   1   1
   0   0  29  17     19  0   0   0   0   4   3   0   0   0   0   1   1
   0   0  29  18     19  0   0   0   0   4   3   0   0   0   0   1   1
   0   0  29  19     14  0   0   0   0   4   2   0   0   0   0   0   0

-------------------- End Panel --------------------
0.
1.
2.
Tracking all actions, endogenous state and auxiliary variables
3.
 Predicted Moments for fixed group: 0
    t           a       offer      status
    0      0.0000      0.0000      0.0000
    1      0.3000      1.0000      0.0000
    2      0.5100      1.6000      0.9000
    3      0.6270      2.0200      1.4700
    4      0.6729      2.1940      1.7010
4.
... finished.
