Output of DDP Tests:Longevity-Renewak
---------------------------
Spanning State Space
DP::Intialize is complete. Action and State spaces are empty.
 Log file name is: logs/DP-DDP-7-04-2022-13-05-56.log
-------------------- DP Model Summary ------------------------
0. USER BELLMAN CLASS
    Test2 | Exteme Value  | Bellman
1. CLOCK
    7. Uncertain Longevity (finite horizon until last period which ends randomly)
2. STATE VARIABLES
              |eps   |eta |theta -clock        |gamma
              s11    s21      x      t     t'      r      f
       s.N      1      1     90      3      2      1      1


     Transition Categories (not counting placeholders and variables with N=1)
                 NonRandom       Random   Coevolving    Augmented       Timing    Invariant
     #Vars               0            1            0            0            2            0

3. SIZE OF SPACES

                       Number of Points
    Exogenous(Epsilon)                1
    SemiExogenous(Eta)                1
   Endogenous(Theta_t)               90
                 Times                3
         EV()Iterating              180
      ChoiceProb.track              270
         Random Groups                1
 Dynamic Random Groups                1
          Fixed Groups                1
   Total Groups(Gamma)                1
       Total Untrimmed              270

4. ACTION VARIABLES
   Number of Distinct action vectors: 2
             a
    a.N      2


5. TRIMMING AND SUBSAMPLING OF THE ENDOGENOUS STATE SPACE (Theta)
                           N
    TotalReachable       270
         Terminal          0
     Approximated          0
Index of first state by t (t=0..T-1)
      0     89    179    269


6. FEASIBLE ACTION SETS
 
     i    [a]        A[0]   
     ---------------------------
     000 (0)           X        
     001 (1)           X        
        #States      270
     --------------------------
         Key: X = row vector is feasible. - = infeasible

-------------------- End of Model Summary ------------------------
Phase :Initializing Increment:       0.19. Cumulative:         0.19

>>>>>>Value Iteration Starting

>>>>>>Value Iteration Finished.  Succeed: 1
Phase :Solving Increment:       0.04. Cumulative:         0.04

     Value of States and Choice Probabilities 
    Indx   T   A   x   t     r     f       EV      |Choice Probabilities:         
     269   2   0  89   2     0     0       -0.100840 0.999948 0.000052
     268   2   0  88   2     0     0       -0.098547 0.999948 0.000052
     267   2   0  87   2     0     0       -0.096255 0.999949 0.000051
     266   2   0  86   2     0     0       -0.093962 0.999949 0.000051
     265   2   0  85   2     0     0       -0.091669 0.999949 0.000051
     264   2   0  84   2     0     0       -0.089376 0.999949 0.000051
     263   2   0  83   2     0     0       -0.087083 0.999949 0.000051
     262   2   0  82   2     0     0       -0.084790 0.999949 0.000051
     261   2   0  81   2     0     0       -0.082497 0.999949 0.000051
     260   2   0  80   2     0     0       -0.080204 0.999949 0.000051
     259   2   0  79   2     0     0       -0.077912 0.999950 0.000050
     258   2   0  78   2     0     0       -0.075619 0.999950 0.000050
     257   2   0  77   2     0     0       -0.073326 0.999950 0.000050
     256   2   0  76   2     0     0       -0.071033 0.999950 0.000050
     255   2   0  75   2     0     0       -0.068740 0.999950 0.000050
     254   2   0  74   2     0     0       -0.066447 0.999950 0.000050
     253   2   0  73   2     0     0       -0.064154 0.999950 0.000050
     252   2   0  72   2     0     0       -0.061861 0.999950 0.000050
     251   2   0  71   2     0     0       -0.059568 0.999950 0.000050
     250   2   0  70   2     0     0       -0.057276 0.999951 0.000049
     249   2   0  69   2     0     0       -0.054983 0.999951 0.000049
     248   2   0  68   2     0     0       -0.052690 0.999951 0.000049
     247   2   0  67   2     0     0       -0.050397 0.999951 0.000049
     246   2   0  66   2     0     0       -0.048104 0.999951 0.000049
     245   2   0  65   2     0     0       -0.045811 0.999951 0.000049
     244   2   0  64   2     0     0       -0.043518 0.999951 0.000049
     243   2   0  63   2     0     0       -0.041225 0.999951 0.000049
     242   2   0  62   2     0     0       -0.038932 0.999951 0.000049
     241   2   0  61   2     0     0       -0.036640 0.999952 0.000048
     240   2   0  60   2     0     0       -0.034347 0.999952 0.000048
     239   2   0  59   2     0     0       -0.032054 0.999952 0.000048
     238   2   0  58   2     0     0       -0.029761 0.999952 0.000048
     237   2   0  57   2     0     0       -0.027468 0.999952 0.000048
     236   2   0  56   2     0     0       -0.025175 0.999952 0.000048
     235   2   0  55   2     0     0       -0.022882 0.999952 0.000048
     234   2   0  54   2     0     0       -0.020589 0.999952 0.000048
     233   2   0  53   2     0     0       -0.018296 0.999952 0.000048
     232   2   0  52   2     0     0       -0.016004 0.999953 0.000047
     231   2   0  51   2     0     0       -0.013711 0.999953 0.000047
     230   2   0  50   2     0     0       -0.011418 0.999953 0.000047
     229   2   0  49   2     0     0       -0.009125 0.999953 0.000047
     228   2   0  48   2     0     0       -0.006832 0.999953 0.000047
     227   2   0  47   2     0     0       -0.004539 0.999953 0.000047
     226   2   0  46   2     0     0       -0.002246 0.999953 0.000047
     225   2   0  45   2     0     0        0.000047 0.999953 0.000047
     224   2   0  44   2     0     0        0.002340 0.999953 0.000047
     223   2   0  43   2     0     0        0.004632 0.999954 0.000046
     222   2   0  42   2     0     0        0.006925 0.999954 0.000046
     221   2   0  41   2     0     0        0.009218 0.999954 0.000046
     220   2   0  40   2     0     0        0.011511 0.999954 0.000046
     219   2   0  39   2     0     0        0.013804 0.999954 0.000046
     218   2   0  38   2     0     0        0.016097 0.999954 0.000046
     217   2   0  37   2     0     0        0.018390 0.999954 0.000046
     216   2   0  36   2     0     0        0.020683 0.999954 0.000046
     215   2   0  35   2     0     0        0.022976 0.999954 0.000046
     214   2   0  34   2     0     0        0.025269 0.999954 0.000046
     213   2   0  33   2     0     0        0.027561 0.999955 0.000045
     212   2   0  32   2     0     0        0.029854 0.999955 0.000045
     211   2   0  31   2     0     0        0.032147 0.999955 0.000045
     210   2   0  30   2     0     0        0.034440 0.999955 0.000045
     209   2   0  29   2     0     0        0.036733 0.999955 0.000045
     208   2   0  28   2     0     0        0.039026 0.999955 0.000045
     207   2   0  27   2     0     0        0.041319 0.999955 0.000045
     206   2   0  26   2     0     0        0.043612 0.999955 0.000045
     205   2   0  25   2     0     0        0.045905 0.999955 0.000045
     204   2   0  24   2     0     0        0.048198 0.999955 0.000045
     203   2   0  23   2     0     0        0.050490 0.999956 0.000044
     202   2   0  22   2     0     0        0.052783 0.999956 0.000044
     201   2   0  21   2     0     0        0.055076 0.999956 0.000044
     200   2   0  20   2     0     0        0.057369 0.999956 0.000044
     199   2   0  19   2     0     0        0.059662 0.999956 0.000044
     198   2   0  18   2     0     0        0.061955 0.999956 0.000044
     197   2   0  17   2     0     0        0.064248 0.999956 0.000044
     196   2   0  16   2     0     0        0.066541 0.999956 0.000044
     195   2   0  15   2     0     0        0.068834 0.999956 0.000044
     194   2   0  14   2     0     0        0.071126 0.999957 0.000043
     193   2   0  13   2     0     0        0.073419 0.999957 0.000043
     192   2   0  12   2     0     0        0.075712 0.999957 0.000043
     191   2   0  11   2     0     0        0.078005 0.999957 0.000043
     190   2   0  10   2     0     0        0.080298 0.999957 0.000043
     189   2   0   9   2     0     0        0.082591 0.999957 0.000043
     188   2   0   8   2     0     0        0.084884 0.999957 0.000043
     187   2   0   7   2     0     0        0.087177 0.999957 0.000043
     186   2   0   6   2     0     0        0.089470 0.999957 0.000043
     185   2   0   5   2     0     0        0.091763 0.999957 0.000043
     184   2   0   4   2     0     0        0.094056 0.999957 0.000043
     183   2   0   3   2     0     0        0.096348 0.999958 0.000042
     182   2   0   2   2     0     0        0.098641 0.999958 0.000042
     181   2   0   1   2     0     0        0.100934 0.999958 0.000042
     180   2   0   0   2     0     0        0.103227 0.999958 0.000042
     179   0   0  89   1     0     0       -0.871095 0.999772 0.000228
     178   0   0  88   1     0     0       -0.867554 0.999773 0.000227
     177   0   0  87   1     0     0       -0.861082 0.999774 0.000226
     176   0   0  86   1     0     0       -0.852123 0.999776 0.000224
     175   0   0  85   1     0     0       -0.841054 0.999779 0.000221
     174   0   0  84   1     0     0       -0.828194 0.999781 0.000219
     173   0   0  83   1     0     0       -0.813815 0.999785 0.000215
     172   0   0  82   1     0     0       -0.798151 0.999788 0.000212
     171   0   0  81   1     0     0       -0.781404 0.999791 0.000209
     170   0   0  80   1     0     0       -0.763760 0.999795 0.000205
     169   0   0  79   1     0     0       -0.745391 0.999799 0.000201
     168   0   0  78   1     0     0       -0.726468 0.999803 0.000197
     167   0   0  77   1     0     0       -0.707152 0.999806 0.000194
     166   0   0  76   1     0     0       -0.687586 0.999810 0.000190
     165   0   0  75   1     0     0       -0.667879 0.999814 0.000186
     164   0   0  74   1     0     0       -0.648106 0.999817 0.000183
     163   0   0  73   1     0     0       -0.628307 0.999821 0.000179
     162   0   0  72   1     0     0       -0.608499 0.999825 0.000175
     161   0   0  71   1     0     0       -0.588688 0.999828 0.000172
     160   0   0  70   1     0     0       -0.568876 0.999831 0.000169
     159   0   0  69   1     0     0       -0.549064 0.999835 0.000165
     158   0   0  68   1     0     0       -0.529252 0.999838 0.000162
     157   0   0  67   1     0     0       -0.509440 0.999841 0.000159
     156   0   0  66   1     0     0       -0.489627 0.999844 0.000156
     155   0   0  65   1     0     0       -0.469813 0.999847 0.000153
     154   0   0  64   1     0     0       -0.450000 0.999850 0.000150
     153   0   0  63   1     0     0       -0.430186 0.999853 0.000147
     152   0   0  62   1     0     0       -0.410371 0.999856 0.000144
     151   0   0  61   1     0     0       -0.390557 0.999859 0.000141
     150   0   0  60   1     0     0       -0.370742 0.999862 0.000138
     149   0   0  59   1     0     0       -0.350927 0.999864 0.000136
     148   0   0  58   1     0     0       -0.331111 0.999867 0.000133
     147   0   0  57   1     0     0       -0.311295 0.999870 0.000130
     146   0   0  56   1     0     0       -0.291479 0.999872 0.000128
     145   0   0  55   1     0     0       -0.271663 0.999875 0.000125
     144   0   0  54   1     0     0       -0.251846 0.999877 0.000123
     143   0   0  53   1     0     0       -0.232029 0.999880 0.000120
     142   0   0  52   1     0     0       -0.212212 0.999882 0.000118
     141   0   0  51   1     0     0       -0.192395 0.999884 0.000116
     140   0   0  50   1     0     0       -0.172577 0.999887 0.000113
     139   0   0  49   1     0     0       -0.152759 0.999889 0.000111
     138   0   0  48   1     0     0       -0.132941 0.999891 0.000109
     137   0   0  47   1     0     0       -0.113122 0.999893 0.000107
     136   0   0  46   1     0     0       -0.093303 0.999895 0.000105
     135   0   0  45   1     0     0       -0.073484 0.999897 0.000103
     134   0   0  44   1     0     0       -0.053665 0.999899 0.000101
     133   0   0  43   1     0     0       -0.033846 0.999901 0.000099
     132   0   0  42   1     0     0       -0.014026 0.999903 0.000097
     131   0   0  41   1     0     0        0.005794 0.999905 0.000095
     130   0   0  40   1     0     0        0.025614 0.999907 0.000093
     129   0   0  39   1     0     0        0.045434 0.999909 0.000091
     128   0   0  38   1     0     0        0.065255 0.999911 0.000089
     127   0   0  37   1     0     0        0.085076 0.999912 0.000088
     126   0   0  36   1     0     0        0.104897 0.999914 0.000086
     125   0   0  35   1     0     0        0.124718 0.999916 0.000084
     124   0   0  34   1     0     0        0.144539 0.999917 0.000083
     123   0   0  33   1     0     0        0.164361 0.999919 0.000081
     122   0   0  32   1     0     0        0.184182 0.999921 0.000079
     121   0   0  31   1     0     0        0.204004 0.999922 0.000078
     120   0   0  30   1     0     0        0.223827 0.999924 0.000076
     119   0   0  29   1     0     0        0.243649 0.999925 0.000075
     118   0   0  28   1     0     0        0.263471 0.999927 0.000073
     117   0   0  27   1     0     0        0.283294 0.999928 0.000072
     116   0   0  26   1     0     0        0.303117 0.999929 0.000071
     115   0   0  25   1     0     0        0.322940 0.999931 0.000069
     114   0   0  24   1     0     0        0.342763 0.999932 0.000068
     113   0   0  23   1     0     0        0.362586 0.999934 0.000066
     112   0   0  22   1     0     0        0.382410 0.999935 0.000065
     111   0   0  21   1     0     0        0.402233 0.999936 0.000064
     110   0   0  20   1     0     0        0.422057 0.999937 0.000063
     109   0   0  19   1     0     0        0.441881 0.999939 0.000061
     108   0   0  18   1     0     0        0.461705 0.999940 0.000060
     107   0   0  17   1     0     0        0.481529 0.999941 0.000059
     106   0   0  16   1     0     0        0.501353 0.999942 0.000058
     105   0   0  15   1     0     0        0.521178 0.999943 0.000057
     104   0   0  14   1     0     0        0.541003 0.999944 0.000056
     103   0   0  13   1     0     0        0.560827 0.999945 0.000055
     102   0   0  12   1     0     0        0.580652 0.999947 0.000053
     101   0   0  11   1     0     0        0.600477 0.999948 0.000052
     100   0   0  10   1     0     0        0.620302 0.999949 0.000051
      99   0   0   9   1     0     0        0.640128 0.999950 0.000050
      98   0   0   8   1     0     0        0.659953 0.999951 0.000049
      97   0   0   7   1     0     0        0.679778 0.999952 0.000048
      96   0   0   6   1     0     0        0.699604 0.999953 0.000047
      95   0   0   5   1     0     0        0.719430 0.999953 0.000047
      94   0   0   4   1     0     0        0.739256 0.999954 0.000046
      93   0   0   3   1     0     0        0.759082 0.999955 0.000045
      92   0   0   2   1     0     0        0.778908 0.999956 0.000044
      91   0   0   1   1     0     0        0.798734 0.999957 0.000043
      90   0   0   0   1     0     0        0.818560 0.999958 0.000042
      89   0   0  89   0     0     0       -0.884644 0.999766 0.000234
      88   0   0  88   0     0     0       -0.881103 0.999767 0.000233
      87   0   0  87   0     0     0       -0.874631 0.999769 0.000231
      86   0   0  86   0     0     0       -0.865672 0.999771 0.000229
      85   0   0  85   0     0     0       -0.854603 0.999773 0.000227
      84   0   0  84   0     0     0       -0.841743 0.999776 0.000224
      83   0   0  83   0     0     0       -0.827364 0.999779 0.000221
      82   0   0  82   0     0     0       -0.811698 0.999783 0.000217
      81   0   0  81   0     0     0       -0.794944 0.999786 0.000214
      80   0   0  80   0     0     0       -0.777279 0.999790 0.000210
      79   0   0  79   0     0     0       -0.758864 0.999794 0.000206
      78   0   0  78   0     0     0       -0.739856 0.999798 0.000202
      77   0   0  77   0     0     0       -0.720404 0.999802 0.000198
      76   0   0  76   0     0     0       -0.700647 0.999806 0.000194
      75   0   0  75   0     0     0       -0.680701 0.999809 0.000191
      74   0   0  74   0     0     0       -0.660654 0.999813 0.000187
      73   0   0  73   0     0     0       -0.640561 0.999817 0.000183
      72   0   0  72   0     0     0       -0.620449 0.999821 0.000179
      71   0   0  71   0     0     0       -0.600332 0.999824 0.000176
      70   0   0  70   0     0     0       -0.580212 0.999828 0.000172
      69   0   0  69   0     0     0       -0.560092 0.999831 0.000169
      68   0   0  68   0     0     0       -0.539972 0.999834 0.000166
      67   0   0  67   0     0     0       -0.519851 0.999838 0.000162
      66   0   0  66   0     0     0       -0.499730 0.999841 0.000159
      65   0   0  65   0     0     0       -0.479608 0.999844 0.000156
      64   0   0  64   0     0     0       -0.459486 0.999847 0.000153
      63   0   0  63   0     0     0       -0.439364 0.999850 0.000150
      62   0   0  62   0     0     0       -0.419241 0.999853 0.000147
      61   0   0  61   0     0     0       -0.399118 0.999856 0.000144
      60   0   0  60   0     0     0       -0.378995 0.999859 0.000141
      59   0   0  59   0     0     0       -0.358871 0.999862 0.000138
      58   0   0  58   0     0     0       -0.338747 0.999865 0.000135
      57   0   0  57   0     0     0       -0.318622 0.999867 0.000133
      56   0   0  56   0     0     0       -0.298498 0.999870 0.000130
      55   0   0  55   0     0     0       -0.278373 0.999873 0.000127
      54   0   0  54   0     0     0       -0.258247 0.999875 0.000125
      53   0   0  53   0     0     0       -0.238122 0.999878 0.000122
      52   0   0  52   0     0     0       -0.217996 0.999880 0.000120
      51   0   0  51   0     0     0       -0.197870 0.999882 0.000118
      50   0   0  50   0     0     0       -0.177743 0.999885 0.000115
      49   0   0  49   0     0     0       -0.157616 0.999887 0.000113
      48   0   0  48   0     0     0       -0.137489 0.999889 0.000111
      47   0   0  47   0     0     0       -0.117362 0.999892 0.000108
      46   0   0  46   0     0     0       -0.097235 0.999894 0.000106
      45   0   0  45   0     0     0       -0.077107 0.999896 0.000104
      44   0   0  44   0     0     0       -0.056979 0.999898 0.000102
      43   0   0  43   0     0     0       -0.036850 0.999900 0.000100
      42   0   0  42   0     0     0       -0.016722 0.999902 0.000098
      41   0   0  41   0     0     0        0.003407 0.999904 0.000096
      40   0   0  40   0     0     0        0.023536 0.999906 0.000094
      39   0   0  39   0     0     0        0.043666 0.999908 0.000092
      38   0   0  38   0     0     0        0.063795 0.999909 0.000091
      37   0   0  37   0     0     0        0.083925 0.999911 0.000089
      36   0   0  36   0     0     0        0.104055 0.999913 0.000087
      35   0   0  35   0     0     0        0.124185 0.999915 0.000085
      34   0   0  34   0     0     0        0.144315 0.999916 0.000084
      33   0   0  33   0     0     0        0.164446 0.999918 0.000082
      32   0   0  32   0     0     0        0.184577 0.999920 0.000080
      31   0   0  31   0     0     0        0.204708 0.999921 0.000079
      30   0   0  30   0     0     0        0.224839 0.999923 0.000077
      29   0   0  29   0     0     0        0.244971 0.999924 0.000076
      28   0   0  28   0     0     0        0.265102 0.999926 0.000074
      27   0   0  27   0     0     0        0.285234 0.999927 0.000073
      26   0   0  26   0     0     0        0.305366 0.999929 0.000071
      25   0   0  25   0     0     0        0.325498 0.999930 0.000070
      24   0   0  24   0     0     0        0.345630 0.999932 0.000068
      23   0   0  23   0     0     0        0.365763 0.999933 0.000067
      22   0   0  22   0     0     0        0.385896 0.999934 0.000066
      21   0   0  21   0     0     0        0.406028 0.999936 0.000064
      20   0   0  20   0     0     0        0.426161 0.999937 0.000063
      19   0   0  19   0     0     0        0.446295 0.999938 0.000062
      18   0   0  18   0     0     0        0.466428 0.999939 0.000061
      17   0   0  17   0     0     0        0.486561 0.999941 0.000059
      16   0   0  16   0     0     0        0.506695 0.999942 0.000058
      15   0   0  15   0     0     0        0.526829 0.999943 0.000057
      14   0   0  14   0     0     0        0.546963 0.999944 0.000056
      13   0   0  13   0     0     0        0.567097 0.999945 0.000055
      12   0   0  12   0     0     0        0.587231 0.999946 0.000054
      11   0   0  11   0     0     0        0.607366 0.999947 0.000053
      10   0   0  10   0     0     0        0.627500 0.999948 0.000052
       9   0   0   9   0     0     0        0.647635 0.999950 0.000050
       8   0   0   8   0     0     0        0.667770 0.999951 0.000049
       7   0   0   7   0     0     0        0.687904 0.999952 0.000048
       6   0   0   6   0     0     0        0.708039 0.999952 0.000048
       5   0   0   5   0     0     0        0.728175 0.999953 0.000047
       4   0   0   4   0     0     0        0.748310 0.999954 0.000046
       3   0   0   3   0     0     0        0.768445 0.999955 0.000045
       2   0   0   2   0     0     0        0.788581 0.999956 0.000044
       1   0   0   1   0     0     0        0.808717 0.999957 0.000043
       0   0   0   0   0     0     0        0.828852 0.999958 0.000042
     ------------------------------------------------------------------------------
... finished.
