
 niqlow version 3.50. Copyright (C) 2011-2018 Christopher Ferrall.
Execution of niqlow implies acceptance of its free software License (niqlow/niqlow-license.txt).
Log file directory: '.'. Time stamp: -26-10-2018-10-49-32.

DP::Intialize is complete. Action and State spaces are empty.
 Log file name is: ./DP-DDP-26-10-2018-10-49-32.log
-------------------- DP Model Summary ------------------------
0. USER BELLMAN CLASS
    LS
1. CLOCK
    3. Normal Finite Horizon Aging
2. STATE VARIABLES
              |eps   |eta |theta -clock        |gamma
                e    s21      m      t     t'      r      f
       s.N     15      1     40     40      1      1      1


     Transition Categories (not counting placeholders and variables with N=1)
                 NonRandom       Random   Coevolving    Augmented       Timing    Invariant
     #Vars               1            1            0            1            0            0

3. SIZE OF SPACES

                       Number of Points
    Exogenous(Epsilon)               15
    SemiExogenous(Eta)                1
     Endogenous(Theta)               40
                 Times               40
         EV()Iterating               40
      ChoiceProb.track             1600
         Random Groups                1
 Dynamic Random Groups                1
          Fixed Groups                1
   Total Groups(Gamma)                1
       Total Untrimmed            24000

4. ACTION VARIABLES
   Number of Distinct action vectors: 2
             a
    a.N      2


5. TRIMMING AND SUBSAMPLING OF THE ENDOGENOUS STATE SPACE (Theta)
                             N
    TotalReachable         820
         Terminal            0
     Approximated            0
    tfirsts (t=0..T)         0
                             1
                             3
                             6
                            10
                            15
                            21
                            28
                            36
                            45
                            55
                            66
                            78
                            91
                           105
                           120
                           136
                           153
                           171
                           190
                           210
                           231
                           253
                           276
                           300
                           325
                           351
                           378
                           406
                           435
                           465
                           496
                           528
                           561
                           595
                           630
                           666
                           703
                           741
                           780
                           820

6. FEASIBLE ACTION SETS
 
i    [a]        A[0]   
---------------------------
000 (0)           X        
001 (1)           X        
   #States      820
--------------------------
    Key: X = row vector is feasible. - = infeasible


     Value of States and Choice Probabilities
     ------------------------------------------------------------------------------
    Indx   T   A   m   t     r     f       EV      |Choice Probabilities:         
    1599   3   0  39  39     0     0       2.126928 0.880797 0.119203
    1598   3   0  38  39     0     0       2.126928 0.880797 0.119203
    1597   3   0  37  39     0     0       2.126928 0.880797 0.119203
    1596   3   0  36  39     0     0       2.126928 0.880797 0.119203
    1595   3   0  35  39     0     0       2.126928 0.880797 0.119203
    1594   3   0  34  39     0     0       2.126928 0.880797 0.119203
    1593   3   0  33  39     0     0       2.126928 0.880797 0.119203
    1592   3   0  32  39     0     0       2.126928 0.880797 0.119203
    1591   3   0  31  39     0     0       2.126928 0.880797 0.119203
    1590   3   0  30  39     0     0       2.126928 0.880797 0.119203
    1589   3   0  29  39     0     0       2.126928 0.880797 0.119203
    1588   3   0  28  39     0     0       2.126928 0.880797 0.119203
    1587   3   0  27  39     0     0       2.126928 0.880797 0.119203
    1586   3   0  26  39     0     0       2.126928 0.880797 0.119203
    1585   3   0  25  39     0     0       2.126928 0.880797 0.119203
    1584   3   0  24  39     0     0       2.126928 0.880797 0.119203
    1583   3   0  23  39     0     0       2.126928 0.880797 0.119203
    1582   3   0  22  39     0     0       2.126928 0.880797 0.119203
    1581   3   0  21  39     0     0       2.126928 0.880797 0.119203
    1580   3   0  20  39     0     0       2.126928 0.880797 0.119203
    1579   3   0  19  39     0     0       2.126928 0.880797 0.119203
    1578   3   0  18  39     0     0       2.126928 0.880797 0.119203
    1577   3   0  17  39     0     0       2.126930 0.880795 0.119205
    1576   3   0  16  39     0     0       2.126946 0.880781 0.119219
    1575   3   0  15  39     0     0       2.127077 0.880666 0.119334
    1574   3   0  14  39     0     0       2.127927 0.879918 0.120082
    1573   3   0  13  39     0     0       2.132488 0.875914 0.124086
    1572   3   0  12  39     0     0       2.153726 0.857517 0.142483
    1571   3   0  11  39     0     0       2.253610 0.776312 0.223688
    1570   3   0  10  39     0     0       2.847279 0.438527 0.561473
    1569   3   0   9  39     0     0       5.592017 0.039215 0.960785
    1568   3   0   8  39     0     0      11.179682 0.000378 0.999622
    1567   3   0   7  39     0     0      18.431557 0.000001 0.999999
    1566   3   0   6  39     0     0      24.879998 0.000000 1.000000
    1565   3   0   5  39     0     0      27.496650 0.000000 1.000000
    1564   3   0   4  39     0     0      24.879998 0.000000 1.000000
    1563   3   0   3  39     0     0      18.431557 0.000001 0.999999
    1562   3   0   2  39     0     0      11.179682 0.000378 0.999622
    1561   3   0   1  39     0     0       5.592017 0.039215 0.960785
    1560   3   0   0  39     0     0       2.847279 0.438527 0.561473
    1558   1   0  38  38     0     0       4.147510 0.880797 0.119203
    1557   1   0  37  38     0     0       4.147510 0.880797 0.119203
    1556   1   0  36  38     0     0       4.147510 0.880797 0.119203
    1555   1   0  35  38     0     0       4.147510 0.880797 0.119203
    1554   1   0  34  38     0     0       4.147510 0.880797 0.119203
    1553   1   0  33  38     0     0       4.147510 0.880797 0.119203
    1552   1   0  32  38     0     0       4.147510 0.880797 0.119203
    1551   1   0  31  38     0     0       4.147510 0.880797 0.119203
    1550   1   0  30  38     0     0       4.147510 0.880797 0.119203
    1549   1   0  29  38     0     0       4.147510 0.880797 0.119203
    1548   1   0  28  38     0     0       4.147510 0.880797 0.119203
    1547   1   0  27  38     0     0       4.147510 0.880797 0.119203
    1546   1   0  26  38     0     0       4.147510 0.880797 0.119203
    1545   1   0  25  38     0     0       4.147510 0.880797 0.119203
    1544   1   0  24  38     0     0       4.147510 0.880797 0.119203
    1543   1   0  23  38     0     0       4.147510 0.880797 0.119203
    1542   1   0  22  38     0     0       4.147510 0.880797 0.119203
    1541   1   0  21  38     0     0       4.147510 0.880797 0.119203
    1540   1   0  20  38     0     0       4.147510 0.880797 0.119203
    1539   1   0  19  38     0     0       4.147510 0.880797 0.119203
    1538   1   0  18  38     0     0       4.147510 0.880797 0.119203
    1537   1   0  17  38     0     0       4.147513 0.880796 0.119204
    1536   1   0  16  38     0     0       4.147543 0.880783 0.119217
    1535   1   0  15  38     0     0       4.147785 0.880679 0.119321
    1534   1   0  14  38     0     0       4.149360 0.880003 0.119997
    1533   1   0  13  38     0     0       4.157815 0.876384 0.123616
    1532   1   0  12  38     0     0       4.196916 0.859964 0.140036
    1531   1   0  11  38     0     0       4.374079 0.792314 0.207686
    1530   1   0  10  38     0     0       5.273750 0.573886 0.426114
    1529   1   0   9  38     0     0       8.666896 0.312980 0.687020
    1528   1   0   8  38     0     0      16.560240 0.061918 0.938082
    1527   1   0   7  38     0     0      29.053518 0.001260 0.998740
    1526   1   0   6  38     0     0      42.389981 0.000005 0.999995
    1525   1   0   5  38     0     0      51.132648 0.000000 1.000000
    1524   1   0   4  38     0     0      51.001815 0.000000 1.000000
    1523   1   0   3  38     0     0      42.067553 0.000000 1.000000
    1522   1   0   2  38     0     0      28.689283 0.000000 1.000000
    1521   1   0   1  38     0     0      16.172384 0.000208 0.999792
    1520   1   0   0  38     0     0       7.628531 0.057142 0.942858
    1517   1   0  37  37     0     0       6.067062 0.880797 0.119203
    1516   1   0  36  37     0     0       6.067062 0.880797 0.119203
    1515   1   0  35  37     0     0       6.067062 0.880797 0.119203
    1514   1   0  34  37     0     0       6.067062 0.880797 0.119203
    1513   1   0  33  37     0     0       6.067062 0.880797 0.119203
    1512   1   0  32  37     0     0       6.067062 0.880797 0.119203
    1511   1   0  31  37     0     0       6.067062 0.880797 0.119203
    1510   1   0  30  37     0     0       6.067062 0.880797 0.119203
    1509   1   0  29  37     0     0       6.067062 0.880797 0.119203
    1508   1   0  28  37     0     0       6.067062 0.880797 0.119203
    1507   1   0  27  37     0     0       6.067062 0.880797 0.119203
    1506   1   0  26  37     0     0       6.067062 0.880797 0.119203
    1505   1   0  25  37     0     0       6.067062 0.880797 0.119203
    1504   1   0  24  37     0     0       6.067062 0.880797 0.119203
    1503   1   0  23  37     0     0       6.067062 0.880797 0.119203
    1502   1   0  22  37     0     0       6.067062 0.880797 0.119203
    1501   1   0  21  37     0     0       6.067062 0.880797 0.119203
    1500   1   0  20  37     0     0       6.067062 0.880797 0.119203
    1499   1   0  19  37     0     0       6.067062 0.880797 0.119203
    1498   1   0  18  37     0     0       6.067063 0.880797 0.119203
    1497   1   0  17  37     0     0       6.067067 0.880796 0.119204
    1496   1   0  16  37     0     0       6.067109 0.880784 0.119216
    1495   1   0  15  37     0     0       6.067445 0.880690 0.119310
    1494   1   0  14  37     0     0       6.069639 0.880076 0.119924
    1493   1   0  13  37     0     0       6.081419 0.876784 0.123216
    1492   1   0  12  37     0     0       6.135587 0.861995 0.138005
    1491   1   0  11  37     0     0       6.373714 0.804106 0.195894
    1490   1   0  10  37     0     0       7.464845 0.640781 0.359219
    1489   1   0   9  37     0     0      11.201740 0.434990 0.565010
    1488   1   0   8  37     0     0      19.806102 0.265361 0.734639
    1487   1   0   7  37     0     0      34.293062 0.097745 0.902255
    1486   1   0   6  37     0     0      52.483933 0.003053 0.996947
    1485   1   0   5  37     0     0      67.767138 0.000006 0.999994
    1484   1   0   4  37     0     0      73.456013 0.000000 1.000000
    1483   1   0   3  37     0     0      66.883280 0.000000 1.000000
    1482   1   0   2  37     0     0      51.143479 0.000000 1.000000
    1481   1   0   1  37     0     0      32.806297 0.000000 1.000000
    1480   1   0   0  37     0     0      17.621074 0.000247 0.999753
    1476   1   0  36  36     0     0       7.890637 0.880797 0.119203
    1475   1   0  35  36     0     0       7.890637 0.880797 0.119203
    1474   1   0  34  36     0     0       7.890637 0.880797 0.119203
    1473   1   0  33  36     0     0       7.890637 0.880797 0.119203
    1472   1   0  32  36     0     0       7.890637 0.880797 0.119203
    1471   1   0  31  36     0     0       7.890637 0.880797 0.119203
    1470   1   0  30  36     0     0       7.890637 0.880797 0.119203
    1469   1   0  29  36     0     0       7.890637 0.880797 0.119203
    1468   1   0  28  36     0     0       7.890637 0.880797 0.119203
    1467   1   0  27  36     0     0       7.890637 0.880797 0.119203
    1466   1   0  26  36     0     0       7.890637 0.880797 0.119203
    1465   1   0  25  36     0     0       7.890637 0.880797 0.119203
    1464   1   0  24  36     0     0       7.890637 0.880797 0.119203
    1463   1   0  23  36     0     0       7.890637 0.880797 0.119203
    1462   1   0  22  36     0     0       7.890637 0.880797 0.119203
    1461   1   0  21  36     0     0       7.890637 0.880797 0.119203
    1460   1   0  20  36     0     0       7.890637 0.880797 0.119203
    1459   1   0  19  36     0     0       7.890637 0.880797 0.119203
    1458   1   0  18  36     0     0       7.890638 0.880797 0.119203
    1457   1   0  17  36     0     0       7.890643 0.880796 0.119204
    1456   1   0  16  36     0     0       7.890695 0.880785 0.119215
    1455   1   0  15  36     0     0       7.891112 0.880700 0.119300
    1454   1   0  14  36     0     0       7.893834 0.880138 0.119862
    1453   1   0  13  36     0     0       7.908455 0.877125 0.122875
    1452   1   0  12  36     0     0       7.975361 0.863689 0.136311
    1451   1   0  11  36     0     0       8.262282 0.813046 0.186954
    1450   1   0  10  36     0     0       9.484669 0.680237 0.319763
    1449   1   0   9  36     0     0      13.436429 0.503066 0.496934
    1448   1   0   8  36     0     0      22.424984 0.360401 0.639599
    1447   1   0   7  36     0     0      37.690460 0.244583 0.755417
    1446   1   0   6  36     0     0      57.627337 0.109252 0.890748
    1445   1   0   5  36     0     0      77.359174 0.002753 0.997247
    1444   1   0   4  36     0     0      89.258781 0.000002 0.999998
    1443   1   0   3  36     0     0      88.214768 0.000000 1.000000
    1442   1   0   2  36     0     0      74.718420 0.000000 1.000000
    1441   1   0   1  36     0     0      54.137783 0.000000 1.000000
    1440   1   0   0  36     0     0      33.423045 0.000000 1.000000
    1435   1   0  35  35     0     0       9.623033 0.880797 0.119203
    1434   1   0  34  35     0     0       9.623033 0.880797 0.119203
    1433   1   0  33  35     0     0       9.623033 0.880797 0.119203
    1432   1   0  32  35     0     0       9.623033 0.880797 0.119203
    1431   1   0  31  35     0     0       9.623033 0.880797 0.119203
    1430   1   0  30  35     0     0       9.623033 0.880797 0.119203
    1429   1   0  29  35     0     0       9.623033 0.880797 0.119203
    1428   1   0  28  35     0     0       9.623033 0.880797 0.119203
    1427   1   0  27  35     0     0       9.623033 0.880797 0.119203
    1426   1   0  26  35     0     0       9.623033 0.880797 0.119203
    1425   1   0  25  35     0     0       9.623033 0.880797 0.119203
    1424   1   0  24  35     0     0       9.623033 0.880797 0.119203
    1423   1   0  23  35     0     0       9.623033 0.880797 0.119203
    1422   1   0  22  35     0     0       9.623033 0.880797 0.119203
    1421   1   0  21  35     0     0       9.623033 0.880797 0.119203
    1420   1   0  20  35     0     0       9.623033 0.880797 0.119203
    1419   1   0  19  35     0     0       9.623033 0.880797 0.119203
    1418   1   0  18  35     0     0       9.623034 0.880797 0.119203
    1417   1   0  17  35     0     0       9.623040 0.880796 0.119204
    1416   1   0  16  35     0     0       9.623101 0.880786 0.119214
    1415   1   0  15  35     0     0       9.623586 0.880708 0.119292
    1414   1   0  14  35     0     0       9.626759 0.880191 0.119809
    1413   1   0  13  35     0     0       9.643807 0.877416 0.122584
    1412   1   0  12  35     0     0       9.721506 0.865107 0.134893
    1411   1   0  11  35     0     0      10.047917 0.819973 0.180027
    1410   1   0  10  35     0     0      11.365244 0.705942 0.294058
    1409   1   0   9  35     0     0      15.462290 0.545531 0.454469
    1408   1   0   8  35     0     0      24.689393 0.414961 0.585039
    1407   1   0   7  35     0     0      40.385676 0.316944 0.683056
    1406   1   0   6  35     0     0      61.116120 0.210730 0.789270
    1405   1   0   5  35     0     0      82.360047 0.080707 0.919293
    1404   1   0   4  35     0     0      98.372010 0.000795 0.999205
    1403   1   0   3  35     0     0     103.227398 0.000000 1.000000
    1402   1   0   2  35     0     0      94.983333 0.000000 1.000000
    1401   1   0   1  35     0     0      76.533976 0.000000 1.000000
    1400   1   0   0  35     0     0      53.687957 0.000000 1.000000
    1394   1   0  34  34     0     0      11.268810 0.880797 0.119203
    1393   1   0  33  34     0     0      11.268810 0.880797 0.119203
    1392   1   0  32  34     0     0      11.268810 0.880797 0.119203
    1391   1   0  31  34     0     0      11.268810 0.880797 0.119203
    1390   1   0  30  34     0     0      11.268810 0.880797 0.119203
    1389   1   0  29  34     0     0      11.268810 0.880797 0.119203
    1388   1   0  28  34     0     0      11.268810 0.880797 0.119203
    1387   1   0  27  34     0     0      11.268810 0.880797 0.119203
    1386   1   0  26  34     0     0      11.268810 0.880797 0.119203
    1385   1   0  25  34     0     0      11.268810 0.880797 0.119203
    1384   1   0  24  34     0     0      11.268810 0.880797 0.119203
    1383   1   0  23  34     0     0      11.268810 0.880797 0.119203
    1382   1   0  22  34     0     0      11.268810 0.880797 0.119203
    1381   1   0  21  34     0     0      11.268810 0.880797 0.119203
    1380   1   0  20  34     0     0      11.268810 0.880797 0.119203
    1379   1   0  19  34     0     0      11.268810 0.880797 0.119203
    1378   1   0  18  34     0     0      11.268810 0.880797 0.119203
    1377   1   0  17  34     0     0      11.268817 0.880796 0.119204
    1376   1   0  16  34     0     0      11.268885 0.880787 0.119213
    1375   1   0  15  34     0     0      11.269429 0.880714 0.119286
    1374   1   0  14  34     0     0      11.272986 0.880236 0.119764
    1373   1   0  13  34     0     0      11.292109 0.877663 0.122337
    1372   1   0  12  34     0     0      11.378967 0.866299 0.133701
    1371   1   0  11  34     0     0      11.737619 0.825432 0.174568
    1370   1   0  10  34     0     0      13.126078 0.723782 0.276218
    1369   1   0   9  34     0     0      17.326092 0.573881 0.426119
    1368   1   0   8  34     0     0      26.711892 0.449351 0.550649
    1367   1   0   7  34     0     0      42.675176 0.359156 0.640844
    1366   1   0   6  34     0     0      63.855855 0.265639 0.734361
    1365   1   0   5  34     0     0      85.838096 0.150645 0.849355
    1364   1   0   4  34     0     0     103.156591 0.030366 0.969634
    1363   1   0   3  34     0     0     111.885096 0.000130 0.999870
    1362   1   0   2  34     0     0     109.245332 0.000000 1.000000
    1361   1   0   1  34     0     0      95.785644 0.000000 1.000000
    1360   1   0   0  34     0     0      74.964340 0.000000 1.000000
    1353   1   0  33  33     0     0      12.832297 0.880797 0.119203
    1352   1   0  32  33     0     0      12.832297 0.880797 0.119203
    1351   1   0  31  33     0     0      12.832297 0.880797 0.119203
    1350   1   0  30  33     0     0      12.832297 0.880797 0.119203
    1349   1   0  29  33     0     0      12.832297 0.880797 0.119203
    1348   1   0  28  33     0     0      12.832297 0.880797 0.119203
    1347   1   0  27  33     0     0      12.832297 0.880797 0.119203
    1346   1   0  26  33     0     0      12.832297 0.880797 0.119203
    1345   1   0  25  33     0     0      12.832297 0.880797 0.119203
    1344   1   0  24  33     0     0      12.832297 0.880797 0.119203
    1343   1   0  23  33     0     0      12.832297 0.880797 0.119203
    1342   1   0  22  33     0     0      12.832297 0.880797 0.119203
    1341   1   0  21  33     0     0      12.832297 0.880797 0.119203
    1340   1   0  20  33     0     0      12.832297 0.880797 0.119203
    1339   1   0  19  33     0     0      12.832297 0.880797 0.119203
    1338   1   0  18  33     0     0      12.832298 0.880797 0.119203
    1337   1   0  17  33     0     0      12.832305 0.880796 0.119204
    1336   1   0  16  33     0     0      12.832379 0.880788 0.119212
    1335   1   0  15  33     0     0      12.832972 0.880720 0.119280
    1334   1   0  14  33     0     0      12.836858 0.880275 0.119725
    1333   1   0  13  33     0     0      12.857755 0.877875 0.122125
    1332   1   0  12  33     0     0      12.952395 0.867303 0.132697
    1331   1   0  11  33     0     0      13.337556 0.829792 0.170208
    1330   1   0  10  33     0     0      14.780643 0.736711 0.263289
    1329   1   0   9  33     0     0      19.055993 0.593699 0.406301
    1328   1   0   8  33     0     0      28.551979 0.472292 0.527708
    1327   1   0   7  33     0     0      44.691025 0.385811 0.614189
    1326   1   0   6  33     0     0      66.151510 0.298601 0.701399
    1325   1   0   5  33     0     0      88.560713 0.191863 0.808137
    1324   1   0   4  33     0     0     106.521171 0.070667 0.929333
    1323   1   0   3  33     0     0     116.435400 0.005006 0.994994
    1322   1   0   2  33     0     0     117.470175 0.000031 0.999969
    1321   1   0   1  33     0     0     109.334543 0.000000 1.000000
    1320   1   0   0  33     0     0      93.253425 0.000000 1.000000
    1312   1   0  32  32     0     0      14.317610 0.880797 0.119203
    1311   1   0  31  32     0     0      14.317610 0.880797 0.119203
    1310   1   0  30  32     0     0      14.317610 0.880797 0.119203
    1309   1   0  29  32     0     0      14.317610 0.880797 0.119203
    1308   1   0  28  32     0     0      14.317610 0.880797 0.119203
    1307   1   0  27  32     0     0      14.317610 0.880797 0.119203
    1306   1   0  26  32     0     0      14.317610 0.880797 0.119203
    1305   1   0  25  32     0     0      14.317610 0.880797 0.119203
    1304   1   0  24  32     0     0      14.317610 0.880797 0.119203
    1303   1   0  23  32     0     0      14.317610 0.880797 0.119203
    1302   1   0  22  32     0     0      14.317610 0.880797 0.119203
    1301   1   0  21  32     0     0      14.317610 0.880797 0.119203
    1300   1   0  20  32     0     0      14.317610 0.880797 0.119203
    1299   1   0  19  32     0     0      14.317610 0.880797 0.119203
    1298   1   0  18  32     0     0      14.317611 0.880797 0.119203
    1297   1   0  17  32     0     0      14.317619 0.880796 0.119204
    1296   1   0  16  32     0     0      14.317698 0.880788 0.119212
    1295   1   0  15  32     0     0      14.318333 0.880725 0.119275
    1294   1   0  14  32     0     0      14.322499 0.880307 0.119693
    1293   1   0  13  32     0     0      14.344914 0.878055 0.121945
    1292   1   0  12  32     0     0      14.446174 0.868152 0.131848
    1291   1   0  11  32     0     0      14.853254 0.833311 0.166689
    1290   1   0  10  32     0     0      16.339069 0.746380 0.253620
    1289   1   0   9  32     0     0      20.670834 0.608019 0.391981
    1288   1   0   8  32     0     0      30.245655 0.488203 0.511797
    1287   1   0   7  32     0     0      46.505003 0.403492 0.596508
    1286   1   0   6  32     0     0      68.148722 0.319605 0.680395
    1285   1   0   5  32     0     0      90.824573 0.217542 0.782458
    1284   1   0   4  32     0     0     109.158910 0.098213 0.901787
    1283   1   0   3  32     0     0     119.641879 0.014553 0.985447
    1282   1   0   2  32     0     0     121.793945 0.001009 0.998991
    1281   1   0   1  32     0     0     117.148163 0.000018 0.999982
    1280   1   0   0  32     0     0     106.124879 0.000000 1.000000
    1271   1   0  31  31     0     0      15.728658 0.880797 0.119203
    1270   1   0  30  31     0     0      15.728658 0.880797 0.119203
    1269   1   0  29  31     0     0      15.728658 0.880797 0.119203
    1268   1   0  28  31     0     0      15.728658 0.880797 0.119203
    1267   1   0  27  31     0     0      15.728658 0.880797 0.119203
    1266   1   0  26  31     0     0      15.728658 0.880797 0.119203
    1265   1   0  25  31     0     0      15.728658 0.880797 0.119203
    1264   1   0  24  31     0     0      15.728658 0.880797 0.119203
    1263   1   0  23  31     0     0      15.728658 0.880797 0.119203
    1262   1   0  22  31     0     0      15.728658 0.880797 0.119203
    1261   1   0  21  31     0     0      15.728658 0.880797 0.119203
    1260   1   0  20  31     0     0      15.728658 0.880797 0.119203
    1259   1   0  19  31     0     0      15.728658 0.880797 0.119203
    1258   1   0  18  31     0     0      15.728659 0.880797 0.119203
    1257   1   0  17  31     0     0      15.728667 0.880796 0.119204
    1256   1   0  16  31     0     0      15.728750 0.880789 0.119211
    1255   1   0  15  31     0     0      15.729422 0.880729 0.119271
    1254   1   0  14  31     0     0      15.733827 0.880335 0.119665
    1253   1   0  13  31     0     0      15.757538 0.878210 0.121790
    1252   1   0  12  31     0     0      15.864438 0.868870 0.131130
    1251   1   0  11  31     0     0      16.289727 0.836177 0.163823
    1250   1   0  10  31     0     0      17.809429 0.753780 0.246220
    1249   1   0   9  31     0     0      22.184209 0.618630 0.381370
    1248   1   0   8  31     0     0      31.816743 0.499563 0.500437
    1247   1   0   7  31     0     0      48.160802 0.415634 0.584366
    1246   1   0   6  31     0     0      69.928847 0.333539 0.666461
    1245   1   0   5  31     0     0      92.779131 0.234191 0.765809
    1244   1   0   4  31     0     0     111.347648 0.116422 0.883578
    1243   1   0   3  31     0     0     122.157862 0.023595 0.976405
    1242   1   0   2  31     0     0     124.842002 0.002899 0.997101
    1241   1   0   1  31     0     0     121.256233 0.000508 0.999492
    1240   1   0   0  31     0     0     113.547841 0.000023 0.999977
    1230   1   0  30  30     0     0      17.069153 0.880797 0.119203
    1229   1   0  29  30     0     0      17.069153 0.880797 0.119203
    1228   1   0  28  30     0     0      17.069153 0.880797 0.119203
    1227   1   0  27  30     0     0      17.069153 0.880797 0.119203
    1226   1   0  26  30     0     0      17.069153 0.880797 0.119203
    1225   1   0  25  30     0     0      17.069153 0.880797 0.119203
    1224   1   0  24  30     0     0      17.069153 0.880797 0.119203
    1223   1   0  23  30     0     0      17.069153 0.880797 0.119203
    1222   1   0  22  30     0     0      17.069153 0.880797 0.119203
    1221   1   0  21  30     0     0      17.069153 0.880797 0.119203
    1220   1   0  20  30     0     0      17.069153 0.880797 0.119203
    1219   1   0  19  30     0     0      17.069153 0.880797 0.119203
    1218   1   0  18  30     0     0      17.069154 0.880797 0.119203
    1217   1   0  17  30     0     0      17.069163 0.880796 0.119204
    1216   1   0  16  30     0     0      17.069250 0.880789 0.119211
    1215   1   0  15  30     0     0      17.069951 0.880733 0.119267
    1214   1   0  14  30     0     0      17.074560 0.880359 0.119641
    1213   1   0  13  30     0     0      17.099382 0.878341 0.121659
    1212   1   0  12  30     0     0      17.211087 0.869479 0.130521
    1211   1   0  11  30     0     0      17.651562 0.838528 0.161472
    1210   1   0  10  30     0     0      19.198437 0.759548 0.240452
    1209   1   0   9  30     0     0      23.606495 0.626651 0.373349
    1208   1   0   8  30     0     0      33.282067 0.507860 0.492140
    1207   1   0   7  30     0     0      49.687129 0.424197 0.575803
    1206   1   0   6  30     0     0      71.541812 0.343063 0.656937
    1205   1   0   5  30     0     0      94.509977 0.245318 0.754682
    1204   1   0   4  30     0     0     113.231723 0.128604 0.871396
    1203   1   0   3  30     0     0     124.245570 0.030757 0.969243
    1202   1   0   2  30     0     0     127.234087 0.004776 0.995224
    1201   1   0   1  30     0     0     124.152769 0.001387 0.998613
    1200   1   0   0  30     0     0     117.451031 0.000546 0.999454
    1189   1   0  29  29     0     0      18.342623 0.880797 0.119203
    1188   1   0  28  29     0     0      18.342623 0.880797 0.119203
    1187   1   0  27  29     0     0      18.342623 0.880797 0.119203
    1186   1   0  26  29     0     0      18.342623 0.880797 0.119203
    1185   1   0  25  29     0     0      18.342623 0.880797 0.119203
    1184   1   0  24  29     0     0      18.342623 0.880797 0.119203
    1183   1   0  23  29     0     0      18.342623 0.880797 0.119203
    1182   1   0  22  29     0     0      18.342623 0.880797 0.119203
    1181   1   0  21  29     0     0      18.342623 0.880797 0.119203
    1180   1   0  20  29     0     0      18.342623 0.880797 0.119203
    1179   1   0  19  29     0     0      18.342623 0.880797 0.119203
    1178   1   0  18  29     0     0      18.342624 0.880797 0.119203
    1177   1   0  17  29     0     0      18.342633 0.880796 0.119204
    1176   1   0  16  29     0     0      18.342724 0.880790 0.119210
    1175   1   0  15  29     0     0      18.343451 0.880736 0.119264
    1174   1   0  14  29     0     0      18.348234 0.880380 0.119620
    1173   1   0  13  29     0     0      18.374005 0.878454 0.121546
    1172   1   0  12  29     0     0      18.489809 0.869996 0.130004
    1171   1   0  11  29     0     0      18.942990 0.840467 0.159533
    1170   1   0  10  29     0     0      20.511847 0.764107 0.235893
    1169   1   0   9  29     0     0      24.945962 0.632813 0.367187
    1168   1   0   8  29     0     0      34.654129 0.514035 0.485965
    1167   1   0   7  29     0     0      51.103949 0.430368 0.569632
    1166   1   0   6  29     0     0      73.020333 0.349730 0.650270
    1165   1   0   5  29     0     0      96.070192 0.252937 0.747063
    1164   1   0   4  29     0     0     114.895347 0.136889 0.863111
    1163   1   0   3  29     0     0     126.041894 0.036066 0.963934
    1162   1   0   2  29     0     0     129.219007 0.006343 0.993657
    1161   1   0   1  29     0     0     126.426102 0.002237 0.997763
    1160   1   0   0  29     0     0     120.203615 0.001421 0.998579
    1148   1   0  28  28     0     0      19.552420 0.880797 0.119203
    1147   1   0  27  28     0     0      19.552420 0.880797 0.119203
    1146   1   0  26  28     0     0      19.552420 0.880797 0.119203
    1145   1   0  25  28     0     0      19.552420 0.880797 0.119203
    1144   1   0  24  28     0     0      19.552420 0.880797 0.119203
    1143   1   0  23  28     0     0      19.552420 0.880797 0.119203
    1142   1   0  22  28     0     0      19.552420 0.880797 0.119203
    1141   1   0  21  28     0     0      19.552420 0.880797 0.119203
    1140   1   0  20  28     0     0      19.552420 0.880797 0.119203
    1139   1   0  19  28     0     0      19.552420 0.880797 0.119203
    1138   1   0  18  28     0     0      19.552421 0.880797 0.119203
    1137   1   0  17  28     0     0      19.552430 0.880796 0.119204
    1136   1   0  16  28     0     0      19.552523 0.880790 0.119210
    1135   1   0  15  28     0     0      19.553273 0.880739 0.119261
    1134   1   0  14  28     0     0      19.558205 0.880397 0.119603
    1133   1   0  13  28     0     0      19.584787 0.878550 0.121450
    1132   1   0  12  28     0     0      19.704090 0.870436 0.129564
    1131   1   0  11  28     0     0      20.167930 0.842076 0.157924
    1130   1   0  10  28     0     0      21.754699 0.767753 0.232247
    1129   1   0   9  28     0     0      26.209425 0.637609 0.362391
    1128   1   0   8  28     0     0      35.942612 0.518703 0.481297
    1127   1   0   7  28     0     0      52.425803 0.434897 0.565103
    1126   1   0   6  28     0     0      74.386951 0.354491 0.645509
    1125   1   0   5  28     0     0      97.494624 0.258262 0.741738
    1124   1   0   4  28     0     0     116.391280 0.142619 0.857381
    1123   1   0   3  28     0     0     127.627122 0.039905 0.960095
    1122   1   0   2  28     0     0     130.926756 0.007557 0.992443
    1121   1   0   1  28     0     0     128.312480 0.002939 0.997061
    1120   1   0   0  28     0     0     122.364100 0.002238 0.997762
    1107   1   0  27  27     0     0      20.701727 0.880797 0.119203
    1106   1   0  26  27     0     0      20.701727 0.880797 0.119203
    1105   1   0  25  27     0     0      20.701727 0.880797 0.119203
    1104   1   0  24  27     0     0      20.701727 0.880797 0.119203
    1103   1   0  23  27     0     0      20.701727 0.880797 0.119203
    1102   1   0  22  27     0     0      20.701727 0.880797 0.119203
    1101   1   0  21  27     0     0      20.701727 0.880797 0.119203
    1100   1   0  20  27     0     0      20.701727 0.880797 0.119203
    1099   1   0  19  27     0     0      20.701727 0.880797 0.119203
    1098   1   0  18  27     0     0      20.701728 0.880797 0.119203
    1097   1   0  17  27     0     0      20.701738 0.880796 0.119204
    1096   1   0  16  27     0     0      20.701833 0.880790 0.119210
    1095   1   0  15  27     0     0      20.702601 0.880741 0.119259
    1094   1   0  14  27     0     0      20.707660 0.880412 0.119588
    1093   1   0  13  27     0     0      20.734937 0.878633 0.121367
    1092   1   0  12  27     0     0      20.857226 0.870810 0.129190
    1091   1   0  11  27     0     0      21.330031 0.843415 0.156585
    1090   1   0  10  27     0     0      22.931481 0.770695 0.229305
    1089   1   0   9  27     0     0      27.402656 0.641386 0.358614
    1088   1   0   8  27     0     0      37.155273 0.522282 0.477718
    1087   1   0   7  27     0     0      53.663703 0.438274 0.561726
    1086   1   0   6  27     0     0      75.657861 0.357953 0.642047
    1085   1   0   5  27     0     0      98.807199 0.262052 0.737948
    1084   1   0   4  27     0     0     117.754314 0.146644 0.853356
    1083   1   0   3  27     0     0     129.051760 0.042665 0.957335
    1082   1   0   2  27     0     0     132.433654 0.008463 0.991537
    1081   1   0   1  27     0     0     129.935386 0.003479 0.996521
    1080   1   0   0  27     0     0     124.156825 0.002901 0.997099
    1066   1   0  26  26     0     0      21.793569 0.880797 0.119203
    1065   1   0  25  26     0     0      21.793569 0.880797 0.119203
    1064   1   0  24  26     0     0      21.793569 0.880797 0.119203
    1063   1   0  23  26     0     0      21.793569 0.880797 0.119203
    1062   1   0  22  26     0     0      21.793569 0.880797 0.119203
    1061   1   0  21  26     0     0      21.793569 0.880797 0.119203
    1060   1   0  20  26     0     0      21.793569 0.880797 0.119203
    1059   1   0  19  26     0     0      21.793569 0.880797 0.119203
    1058   1   0  18  26     0     0      21.793570 0.880797 0.119203
    1057   1   0  17  26     0     0      21.793579 0.880796 0.119204
    1056   1   0  16  26     0     0      21.793677 0.880791 0.119209
    1055   1   0  15  26     0     0      21.794461 0.880743 0.119257
    1054   1   0  14  26     0     0      21.799628 0.880425 0.119575
    1053   1   0  13  26     0     0      21.827499 0.878703 0.121297
    1052   1   0  12  26     0     0      21.952340 0.871129 0.128871
    1051   1   0  11  26     0     0      22.432699 0.844534 0.155466
    1050   1   0  10  26     0     0      24.046242 0.773087 0.226913
    1049   1   0   9  26     0     0      28.530645 0.644389 0.355611
    1048   1   0   8  26     0     0      38.298509 0.525057 0.474943
    1047   1   0   7  26     0     0      54.826271 0.440828 0.559172
    1046   1   0   6  26     0     0      76.845132 0.360509 0.639491
    1045   1   0   5  26     0     0     100.024991 0.264794 0.735206
    1044   1   0   4  26     0     0     119.008359 0.149516 0.850484
    1043   1   0   3  26     0     0     130.349197 0.044653 0.955347
    1042   1   0   2  26     0     0     133.787747 0.009131 0.990869
    1041   1   0   1  26     0     0     131.367344 0.003882 0.996118
    1040   1   0   0  26     0     0     125.699092 0.003407 0.996593
    1025   1   0  25  25     0     0      22.830818 0.880797 0.119203
    1024   1   0  24  25     0     0      22.830818 0.880797 0.119203
    1023   1   0  23  25     0     0      22.830818 0.880797 0.119203
    1022   1   0  22  25     0     0      22.830818 0.880797 0.119203
    1021   1   0  21  25     0     0      22.830818 0.880797 0.119203
    1020   1   0  20  25     0     0      22.830818 0.880797 0.119203
    1019   1   0  19  25     0     0      22.830818 0.880797 0.119203
    1018   1   0  18  25     0     0      22.830819 0.880797 0.119203
    1017   1   0  17  25     0     0      22.830829 0.880796 0.119204
    1016   1   0  16  25     0     0      22.830928 0.880791 0.119209
    1015   1   0  15  25     0     0      22.831726 0.880744 0.119256
    1014   1   0  14  25     0     0      22.836985 0.880436 0.119564
    1013   1   0  13  25     0     0      22.865364 0.878763 0.121237
    1012   1   0  12  25     0     0      22.992386 0.871401 0.128599
    1011   1   0  11  25     0     0      23.479120 0.845472 0.154528
    1010   1   0  10  25     0     0      25.102670 0.775044 0.224956
    1009   1   0   9  25     0     0      29.597781 0.646795 0.353205
    1008   1   0   8  25     0     0      39.377720 0.527233 0.472767
    1007   1   0   7  25     0     0      55.920458 0.442784 0.557216
    1006   1   0   6  25     0     0      77.958053 0.362423 0.637577
    1005   1   0   5  25     0     0     101.160604 0.266808 0.733192
    1004   1   0   4  25     0     0     120.170446 0.151595 0.848405
    1003   1   0   3  25     0     0     131.542410 0.046096 0.953904
    1002   1   0   2  25     0     0     135.020817 0.009620 0.990380
    1001   1   0   1  25     0     0     132.654030 0.004178 0.995822
    1000   1   0   0  25     0     0     127.059829 0.003782 0.996218
     984   1   0  24  24     0     0      23.816205 0.880797 0.119203
     983   1   0  23  24     0     0      23.816205 0.880797 0.119203
     982   1   0  22  24     0     0      23.816205 0.880797 0.119203
     981   1   0  21  24     0     0      23.816205 0.880797 0.119203
     980   1   0  20  24     0     0      23.816205 0.880797 0.119203
     979   1   0  19  24     0     0      23.816205 0.880797 0.119203
     978   1   0  18  24     0     0      23.816206 0.880797 0.119203
     977   1   0  17  24     0     0      23.816216 0.880796 0.119204
     976   1   0  16  24     0     0      23.816317 0.880791 0.119209
     975   1   0  15  24     0     0      23.817126 0.880746 0.119254
     974   1   0  14  24     0     0      23.822464 0.880445 0.119555
     973   1   0  13  24     0     0      23.851278 0.878814 0.121186
     972   1   0  12  24     0     0      23.980163 0.871633 0.128367
     971   1   0  11  24     0     0      24.472287 0.846260 0.153740
     970   1   0  10  24     0     0      26.104145 0.776655 0.223345
     969   1   0   9  24     0     0      30.607978 0.648739 0.351261
     968   1   0   8  24     0     0      40.397557 0.528955 0.471045
     967   1   0   7  24     0     0      56.952019 0.444299 0.555701
     966   1   0   6  24     0     0      79.003995 0.363876 0.636124
     965   1   0   5  24     0     0     102.223648 0.268309 0.731691
     964   1   0   4  24     0     0     121.253111 0.153122 0.846878
     963   1   0   3  24     0     0     132.647771 0.047152 0.952848
     962   1   0   2  24     0     0     136.154740 0.009979 0.990021
     961   1   0   1  24     0     0     133.825665 0.004395 0.995605
     960   1   0   0  24     0     0     128.282457 0.004056 0.995944
     943   1   0  23  23     0     0      24.752323 0.880797 0.119203
     942   1   0  22  23     0     0      24.752323 0.880797 0.119203
     941   1   0  21  23     0     0      24.752323 0.880797 0.119203
     940   1   0  20  23     0     0      24.752323 0.880797 0.119203
     939   1   0  19  23     0     0      24.752323 0.880797 0.119203
     938   1   0  18  23     0     0      24.752324 0.880797 0.119203
     937   1   0  17  23     0     0      24.752334 0.880796 0.119204
     936   1   0  16  23     0     0      24.752436 0.880791 0.119209
     935   1   0  15  23     0     0      24.753255 0.880747 0.119253
     934   1   0  14  23     0     0      24.758660 0.880453 0.119547
     933   1   0  13  23     0     0      24.787846 0.878858 0.121142
     932   1   0  12  23     0     0      24.918325 0.871831 0.128169
     931   1   0  11  23     0     0      25.415010 0.846923 0.153077
     930   1   0  10  23     0     0      27.053790 0.777987 0.222013
     929   1   0   9  23     0     0      31.564760 0.650318 0.349682
     928   1   0   8  23     0     0      41.362094 0.530329 0.469671
     927   1   0   7  23     0     0      57.925820 0.445486 0.554514
     926   1   0   6  23     0     0      79.988956 0.364992 0.635008
     925   1   0   5  23     0     0     103.221661 0.269442 0.730558
     924   1   0   4  23     0     0     122.265867 0.154258 0.845742
     923   1   0   3  23     0     0     133.677328 0.047934 0.952066
     922   1   0   2  23     0     0     137.205108 0.010244 0.989756
     921   1   0   1  23     0     0     134.903052 0.004554 0.995446
     920   1   0   0  23     0     0     129.395711 0.004256 0.995744
     902   1   0  22  22     0     0      25.641635 0.880797 0.119203
     901   1   0  21  22     0     0      25.641635 0.880797 0.119203
     900   1   0  20  22     0     0      25.641635 0.880797 0.119203
     899   1   0  19  22     0     0      25.641635 0.880797 0.119203
     898   1   0  18  22     0     0      25.641636 0.880797 0.119203
     897   1   0  17  22     0     0      25.641646 0.880796 0.119204
     896   1   0  16  22     0     0      25.641749 0.880791 0.119209
     895   1   0  15  22     0     0      25.642576 0.880748 0.119252
     894   1   0  14  22     0     0      25.648038 0.880459 0.119541
     893   1   0  13  22     0     0      25.677543 0.878896 0.121104
     892   1   0  12  22     0     0      25.809384 0.872000 0.128000
     891   1   0  11  22     0     0      26.309935 0.847483 0.152517
     890   1   0  10  22     0     0      27.954495 0.779091 0.220909
     889   1   0   9  22     0     0      32.471337 0.651609 0.348391
     888   1   0   8  22     0     0      42.274949 0.531434 0.468566
     887   1   0   7  22     0     0      58.846054 0.446423 0.553577
     886   1   0   6  22     0     0      80.917941 0.365858 0.634142
     885   1   0   5  22     0     0     104.160720 0.270307 0.729693
     884   1   0   4  22     0     0     123.216146 0.155114 0.844886
     883   1   0   3  22     0     0     134.640216 0.048519 0.951481
     882   1   0   2  22     0     0     138.183391 0.010441 0.989559
     881   1   0   1  22     0     0     135.901020 0.004671 0.995329
     880   1   0   0  22     0     0     130.419376 0.004403 0.995597
     861   1   0  21  21     0     0      26.486481 0.880797 0.119203
     860   1   0  20  21     0     0      26.486481 0.880797 0.119203
     859   1   0  19  21     0     0      26.486481 0.880797 0.119203
     858   1   0  18  21     0     0      26.486482 0.880797 0.119203
     857   1   0  17  21     0     0      26.486493 0.880797 0.119203
     856   1   0  16  21     0     0      26.486596 0.880791 0.119209
     855   1   0  15  21     0     0      26.487431 0.880749 0.119251
     854   1   0  14  21     0     0      26.492941 0.880465 0.119535
     853   1   0  13  21     0     0      26.522718 0.878928 0.121072
     852   1   0  12  21     0     0      26.655725 0.872144 0.127856
     851   1   0  11  21     0     0      27.159555 0.847956 0.152044
     850   1   0  10  21     0     0      28.808955 0.780011 0.219989
     849   1   0   9  21     0     0      33.330645 0.652669 0.347331
     848   1   0   8  21     0     0      43.139368 0.532328 0.467672
     847   1   0   7  21     0     0      59.716399 0.447169 0.552831
     846   1   0   6  21     0     0      81.795208 0.366538 0.633462
     845   1   0   5  21     0     0     105.045846 0.270976 0.729024
     844   1   0   4  21     0     0     124.109909 0.155767 0.844233
     843   1   0   3  21     0     0     135.543565 0.048961 0.951039
     842   1   0   2  21     0     0     139.098289 0.010590 0.989410
     841   1   0   1  21     0     0     136.830477 0.004759 0.995241
     840   1   0   0  21     0     0     131.367555 0.004511 0.995489
     820   1   0  20  20     0     0      27.289085 0.880797 0.119203
     819   1   0  19  20     0     0      27.289085 0.880797 0.119203
     818   1   0  18  20     0     0      27.289086 0.880797 0.119203
     817   1   0  17  20     0     0      27.289097 0.880797 0.119203
     816   1   0  16  20     0     0      27.289201 0.880791 0.119209
     815   1   0  15  20     0     0      27.290041 0.880749 0.119251
     814   1   0  14  20     0     0      27.295594 0.880470 0.119530
     813   1   0  13  20     0     0      27.325603 0.878956 0.121044
     812   1   0  12  20     0     0      27.459608 0.872268 0.127732
     811   1   0  11  20     0     0      27.966220 0.848356 0.151644
     810   1   0  10  20     0     0      29.619682 0.780780 0.219220
     809   1   0   9  20     0     0      34.145389 0.653543 0.346457
     808   1   0   8  20     0     0      43.958298 0.533055 0.466945
     807   1   0   7  20     0     0      60.540116 0.447769 0.552231
     806   1   0   6  20     0     0      82.624448 0.367075 0.632925
     805   1   0   5  20     0     0     105.881275 0.271498 0.728502
     804   1   0   4  20     0     0     124.952059 0.156270 0.843730
     803   1   0   3  20     0     0     136.393087 0.049300 0.950700
     802   1   0   2  20     0     0     139.956587 0.010703 0.989297
     801   1   0   1  20     0     0     137.699696 0.004825 0.995175
     800   1   0   0  20     0     0     132.250620 0.004592 0.995408
     779   1   0  19  19     0     0      28.051559 0.880797 0.119203
     778   1   0  18  19     0     0      28.051560 0.880797 0.119203
     777   1   0  17  19     0     0      28.051570 0.880797 0.119203
     776   1   0  16  19     0     0      28.051675 0.880791 0.119209
     775   1   0  15  19     0     0      28.052521 0.880750 0.119250
     774   1   0  14  19     0     0      28.058109 0.880474 0.119526
     773   1   0  13  19     0     0      28.088318 0.878979 0.121021
     772   1   0  12  19     0     0      28.223175 0.872373 0.127627
     771   1   0  11  19     0     0      28.732152 0.848695 0.151305
     770   1   0  10  19     0     0      30.389028 0.781423 0.218577
     769   1   0   9  19     0     0      34.918076 0.654267 0.345733
     768   1   0   8  19     0     0      44.734426 0.533651 0.466349
     767   1   0   7  19     0     0      61.320137 0.448253 0.551747
     766   1   0   6  19     0     0      83.408906 0.367504 0.632496
     765   1   0   5  19     0     0     106.670650 0.271909 0.728091
     764   1   0   4  19     0     0     125.746715 0.156662 0.843338
     763   1   0   3  19     0     0     137.193476 0.049561 0.950439
     762   1   0   2  19     0     0     140.763723 0.010789 0.989211
     761   1   0   1  19     0     0     138.515130 0.004874 0.995126
     760   1   0   0  19     0     0     133.076439 0.004653 0.995347
     738   1   0  18  18     0     0      28.775910 0.880797 0.119203
     737   1   0  17  18     0     0      28.775921 0.880797 0.119203
     736   1   0  16  18     0     0      28.776026 0.880791 0.119209
     735   1   0  15  18     0     0      28.776876 0.880750 0.119250
     734   1   0  14  18     0     0      28.782494 0.880478 0.119522
     733   1   0  13  18     0     0      28.812873 0.878999 0.121001
     732   1   0  12  18     0     0      28.948460 0.872463 0.127537
     731   1   0  11  18     0     0      29.459448 0.848983 0.151017
     730   1   0  10  18     0     0      31.119199 0.781962 0.218038
     729   1   0   9  18     0     0      35.651032 0.654868 0.345132
     728   1   0   8  18     0     0      45.470223 0.534140 0.465860
     727   1   0   7  18     0     0      62.059116 0.448647 0.551353
     726   1   0   6  18     0     0      84.151476 0.367849 0.632151
     725   1   0   5  18     0     0     107.417156 0.272236 0.727764
     724   1   0   4  18     0     0     126.497408 0.156971 0.843029
     723   1   0   3  18     0     0     137.948670 0.049765 0.950235
     722   1   0   2  18     0     0     141.524161 0.010856 0.989144
     721   1   0   1  18     0     0     139.281947 0.004913 0.995087
     720   1   0   0  18     0     0     133.851147 0.004698 0.995302
     697   1   0  17  17     0     0      29.464053 0.880797 0.119203
     696   1   0  16  17     0     0      29.464159 0.880792 0.119208
     695   1   0  15  17     0     0      29.465013 0.880751 0.119249
     694   1   0  14  17     0     0      29.470657 0.880481 0.119519
     693   1   0  13  17     0     0      29.501181 0.879017 0.120983
     692   1   0  12  17     0     0      29.637393 0.872541 0.127459
     691   1   0  11  17     0     0      30.150090 0.849227 0.150773
     690   1   0  10  17     0     0      31.812266 0.782416 0.217584
     689   1   0   9  17     0     0      36.346427 0.655369 0.344631
     688   1   0   8  17     0     0      46.167974 0.534545 0.465455
     687   1   0   7  17     0     0      62.759481 0.448969 0.551031
     686   1   0   6  17     0     0      84.854762 0.368128 0.631872
     685   1   0   5  17     0     0     108.123616 0.272497 0.727503
     684   1   0   4  17     0     0     127.207214 0.157216 0.842784
     683   1   0   3  17     0     0     138.662041 0.049926 0.950074
     682   1   0   2  17     0     0     142.241650 0.010908 0.989092
     681   1   0   1  17     0     0     140.004394 0.004942 0.995058
     680   1   0   0  17     0     0     134.579659 0.004734 0.995266
     656   1   0  16  16     0     0      30.117885 0.880792 0.119208
     655   1   0  15  16     0     0      30.118742 0.880751 0.119249
     654   1   0  14  16     0     0      30.124408 0.880483 0.119517
     653   1   0  13  16     0     0      30.155058 0.879031 0.120969
     652   1   0  12  16     0     0      30.291804 0.872606 0.127394
     651   1   0  11  16     0     0      30.805956 0.849435 0.150565
     650   1   0  10  16     0     0      32.470180 0.782798 0.217202
     649   1   0   9  16     0     0      37.006291 0.655788 0.344212
     648   1   0   8  16     0     0      46.829796 0.534879 0.465121
     647   1   0   7  16     0     0      63.423459 0.449233 0.550767
     646   1   0   6  16     0     0      85.521130 0.368355 0.631645
     645   1   0   5  16     0     0     108.792560 0.272708 0.727292
     644   1   0   4  16     0     0     127.878851 0.157412 0.842588
     643   1   0   3  16     0     0     139.336526 0.050053 0.949947
     642   1   0   2  16     0     0     142.919395 0.010950 0.989050
     641   1   0   1  16     0     0     140.686031 0.004965 0.995035
     640   1   0   0  16     0     0     135.266010 0.004761 0.995239
     615   1   0  15  15     0     0      30.739785 0.880751 0.119249
     614   1   0  14  15     0     0      30.745470 0.880485 0.119515
     613   1   0  13  15     0     0      30.776226 0.879044 0.120956
     612   1   0  12  15     0     0      30.913429 0.872663 0.127337
     611   1   0  11  15     0     0      31.428821 0.849611 0.150389
     610   1   0  10  15     0     0      33.094775 0.783120 0.216880
     609   1   0   9  15     0     0      37.632524 0.656138 0.343862
     608   1   0   8  15     0     0      47.457662 0.535158 0.464842
     607   1   0   7  15     0     0      64.053111 0.449452 0.550548
     606   1   0   6  15     0     0      86.152746 0.368541 0.631459
     605   1   0   5  15     0     0     109.426277 0.272880 0.727120
     604   1   0   4  15     0     0     128.514750 0.157569 0.842431
     603   1   0   3  15     0     0     139.974717 0.050155 0.949845
     602   1   0   2  15     0     0     143.560190 0.010982 0.989018
     601   1   0   1  15     0     0     141.329908 0.004984 0.995016
     600   1   0   0  15     0     0     135.913587 0.004782 0.995218
     574   1   0  14  14     0     0      31.335476 0.880487 0.119513
     573   1   0  13  14     0     0      31.366323 0.879055 0.120945
     572   1   0  12  14     0     0      31.503918 0.872711 0.127289
     571   1   0  11  14     0     0      32.020365 0.849761 0.150239
     570   1   0  10  14     0     0      33.687784 0.783392 0.216608
     569   1   0   9  14     0     0      38.226911 0.656432 0.343568
     568   1   0   8  14     0     0      48.053414 0.535390 0.464610
     567   1   0   7  14     0     0      64.650346 0.449632 0.550368
     566   1   0   6  14     0     0      86.751603 0.368694 0.631306
     565   1   0   5  14     0     0     110.026857 0.273020 0.726980
     564   1   0   4  14     0     0     129.117108 0.157697 0.842303
     563   1   0   3  14     0     0     140.578930 0.050237 0.949763
     562   1   0   2  14     0     0     144.166498 0.011009 0.988991
     561   1   0   1  14     0     0     141.938678 0.004998 0.995002
     560   1   0   0  14     0     0     136.525287 0.004799 0.995201
     533   1   0  13  13     0     0      31.926905 0.879064 0.120936
     532   1   0  12  13     0     0      32.064835 0.872752 0.127248
     531   1   0  11  13     0     0      32.582182 0.849889 0.150111
     530   1   0  10  13     0     0      34.250842 0.783622 0.216378
     529   1   0   9  13     0     0      38.791129 0.656680 0.343320
     528   1   0   8  13     0     0      48.618776 0.535584 0.464416
     527   1   0   7  13     0     0      65.216944 0.449782 0.550218
     526   1   0   6  13     0     0      87.319544 0.368820 0.631180
     525   1   0   5  13     0     0     110.596218 0.273134 0.726866
     524   1   0   4  13     0     0     129.687926 0.157801 0.842199
     523   1   0   3  13     0     0     141.151259 0.050304 0.949696
     522   1   0   2  13     0     0     144.740523 0.011030 0.988970
     521   1   0   1  13     0     0     142.514682 0.005010 0.994990
     520   1   0   0  13     0     0     137.103631 0.004812 0.995188
     492   1   0  12  12     0     0      32.597666 0.872788 0.127212
     491   1   0  11  12     0     0      33.115779 0.849997 0.150003
     490   1   0  10  12     0     0      34.785491 0.783817 0.216183
     489   1   0   9  12     0     0      39.326758 0.656888 0.343112
     488   1   0   8  12     0     0      49.155365 0.535747 0.464253
     487   1   0   7  12     0     0      65.754566 0.449907 0.550093
     486   1   0   6  12     0     0      87.858283 0.368924 0.631076
     485   1   0   5  12     0     0     111.136131 0.273229 0.726771
     484   1   0   4  12     0     0     130.229037 0.157886 0.842114
     483   1   0   3  12     0     0     141.693608 0.050358 0.949642
     482   1   0   2  12     0     0     145.284253 0.011047 0.988953
     481   1   0   1  12     0     0     143.060015 0.005019 0.994981
     480   1   0   0  12     0     0     137.650846 0.004823 0.995177
     451   1   0  11  11     0     0      33.622587 0.850090 0.149910
     450   1   0  10  11     0     0      35.293192 0.783982 0.216018
     449   1   0   9  11     0     0      39.835286 0.657064 0.342936
     448   1   0   8  11     0     0      49.664701 0.535883 0.464117
     447   1   0   7  11     0     0      66.264767 0.450012 0.549988
     446   1   0   6  11     0     0      88.369416 0.369011 0.630989
     445   1   0   5  11     0     0     111.648237 0.273307 0.726693
     444   1   0   4  11     0     0     130.742134 0.157957 0.842043
     443   1   0   3  11     0     0     142.207723 0.050403 0.949597
     442   1   0   2  11     0     0     145.799499 0.011061 0.988939
     441   1   0   1  11     0     0     143.576566 0.005027 0.994973
     440   1   0   0  11     0     0     138.168921 0.004831 0.995169
     410   1   0  10  10     0     0      35.775325 0.784122 0.215878
     409   1   0   9  10     0     0      40.318118 0.657212 0.342788
     408   1   0   8  10     0     0      50.148214 0.535998 0.464002
     407   1   0   7  10     0     0      66.749006 0.450099 0.549901
     406   1   0   6  10     0     0      88.854433 0.369083 0.630917
     405   1   0   5  10     0     0     112.134066 0.273372 0.726628
     404   1   0   4  10     0     0     131.228784 0.158015 0.841985
     403   1   0   3  10     0     0     142.695214 0.050439 0.949561
     402   1   0   2  10     0     0     146.287920 0.011072 0.988928
     401   1   0   1  10     0     0     144.066056 0.005033 0.994967
     400   1   0   0  10     0     0     138.659652 0.004838 0.995162
     369   1   0   9   9     0     0      40.776581 0.657338 0.342662
     368   1   0   8   9     0     0      50.607252 0.536095 0.463905
     367   1   0   7   9     0     0      67.208654 0.450173 0.549827
     366   1   0   6   9     0     0      89.314733 0.369144 0.630856
     365   1   0   5   9     0     0     112.595044 0.273426 0.726574
     364   1   0   4   9     0     0     131.690445 0.158063 0.841937
     363   1   0   3   9     0     0     143.157572 0.050470 0.949530
     362   1   0   2   9     0     0     146.751046 0.011082 0.988918
     361   1   0   1   9     0     0     144.530062 0.005038 0.994962
     360   1   0   0   9     0     0     139.124673 0.004844 0.995156
     328   1   0   8   8     0     0      51.043084 0.536176 0.463824
     327   1   0   7   8     0     0      67.645001 0.450234 0.549766
     326   1   0   6   8     0     0      89.751628 0.369195 0.630805
     325   1   0   5   8     0     0     113.032505 0.273471 0.726529
     324   1   0   4   8     0     0     132.128476 0.158103 0.841897
     323   1   0   3   8     0     0     143.596183 0.050495 0.949505
     322   1   0   2   8     0     0     147.190294 0.011089 0.988911
     321   1   0   1   8     0     0     144.970036 0.005042 0.994958
     320   1   0   0   8     0     0     139.565483 0.004849 0.995151
     287   1   0   7   7     0     0      68.059262 0.450287 0.549713
     286   1   0   6   7     0     0      90.166349 0.369237 0.630763
     285   1   0   5   7     0     0     113.447702 0.273509 0.726491
     284   1   0   4   7     0     0     132.544150 0.158136 0.841864
     283   1   0   3   7     0     0     144.012340 0.050516 0.949484
     282   1   0   2   7     0     0     147.606982 0.011096 0.988904
     281   1   0   1   7     0     0     145.387325 0.005046 0.994954
     280   1   0   0   7     0     0     139.983462 0.004852 0.995148
     246   1   0   6   6     0     0      90.560059 0.369273 0.630727
     245   1   0   5   6     0     0     113.841811 0.273540 0.726460
     244   1   0   4   6     0     0     132.938658 0.158164 0.841836
     243   1   0   3   6     0     0     144.407253 0.050533 0.949467
     242   1   0   2   6     0     0     148.002337 0.011101 0.988899
     241   1   0   1   6     0     0     145.783180 0.005048 0.994952
     240   1   0   0   6     0     0     140.379890 0.004856 0.995144
     205   1   0   5   5     0     0     114.215938 0.273567 0.726433
     204   1   0   4   5     0     0     133.313122 0.158188 0.841812
     203   1   0   3   5     0     0     144.782056 0.050548 0.949452
     202   1   0   2   5     0     0     148.377509 0.011106 0.988894
     201   1   0   1   5     0     0     146.158770 0.005051 0.994949
     200   1   0   0   5     0     0     140.755955 0.004858 0.995142
     164   1   0   4   4     0     0     133.668594 0.158208 0.841792
     163   1   0   3   4     0     0     145.137813 0.050560 0.949440
     162   1   0   2   4     0     0     148.733575 0.011110 0.988890
     161   1   0   1   4     0     0     146.515186 0.005053 0.994947
     160   1   0   0   4     0     0     141.112768 0.004860 0.995140
     123   1   0   3   3     0     0     145.475525 0.050570 0.949430
     122   1   0   2   3     0     0     149.071547 0.011113 0.988887
     121   1   0   1   3     0     0     146.853451 0.005054 0.994946
     120   1   0   0   3     0     0     141.451365 0.004862 0.995138
      82   1   0   2   2     0     0     149.392376 0.011115 0.988885
      81   1   0   1   2     0     0     147.174525 0.005056 0.994944
      80   1   0   0   2     0     0     141.772718 0.004864 0.995136
      41   1   0   1   1     0     0     147.479314 0.005057 0.994943
      40   1   0   0   1     0     0     142.077740 0.004865 0.995135
       0   1   0   0   0     0     0     142.367291 0.004866 0.995134
     ------------------------------------------------------------------------------

PanelFxedpath t  n  T Aj|   e s21   m   t  t'   r   f|ai|   a
   0   0   0 0  0  1   0  10   0   0   0   0   0   0  -1   1
   0   0   0 1 41  1   0   6   0   1   1   0   0   0  -1   1
   0   0   0 2 82  1   0   8   0   2   2   0   0   0  -1   1
   0   0   0 3123  1   0   5   0   3   3   0   0   0  -1   1
   0   0   0 4164  1   0  14   0   4   4   0   0   0  -1   1
   0   0   0 5205  1   0   6   0   5   5   0   0   0  -1   1
   0   0   0 6246  1   0   1   0   6   6   0   0   0  -1   0
   0   0   0 7286  1   0   2   0   6   7   0   0   0  -1   0
   0   0   0 8326  1   0   1   0   6   8   0   0   0  -1   0
   0   0   0 9366  1   0   2   0   6   9   0   0   0  -1   0
   0   0   010406  1   0   9   0   6  10   0   0   0  -1   1
   0   0   011447  1   0   7   0   7  11   0   0   0  -1   1
   0   0   012488  1   0   7   0   8  12   0   0   0  -1   1
   0   0   013529  1   0  12   0   9  13   0   0   0  -1   1
   0   0   014570  1   0   1   0  10  14   0   0   0  -1   0
   0   0   015610  1   0   5   0  10  15   0   0   0  -1   0
   0   0   016650  1   0  11   0  10  16   0   0   0  -1   0
   0   0   017690  1   0   9   0  10  17   0   0   0  -1   0
   0   0   018730  1   0  13   0  10  18   0   0   0  -1   0
   0   0   019770  1   0   8   0  10  19   0   0   0  -1   1
   0   0   020811  1   0   6   0  11  20   0   0   0  -1   0
   0   0   021851  1   0  13   0  11  21   0   0   0  -1   1
   0   0   022892  1   0  11   0  12  22   0   0   0  -1   0
   0   0   023932  1   0   1   0  12  23   0   0   0  -1   1
   0   0   024973  1   0   7   0  13  24   0   0   0  -1   0
   0   0   0251013  1   0  12   0  13  25   0   0   0  -1   1
   0   0   0261054  1   0   2   0  14  26   0   0   0  -1   0
   0   0   0271094  1   0  14   0  14  27   0   0   0  -1   0
   0   0   0281134  1   0   1   0  14  28   0   0   0  -1   0
   0   0   0291174  1   0  14   0  14  29   0   0   0  -1   0
   0   0   0301214  1   0  10   0  14  30   0   0   0  -1   0
   0   0   0311254  1   0  10   0  14  31   0   0   0  -1   0
   0   0   0321294  1   0  13   0  14  32   0   0   0  -1   1
   0   0   0331335  1   0  14   0  15  33   0   0   0  -1   0
   0   0   0341375  1   0   9   0  15  34   0   0   0  -1   0
   0   0   0351415  1   0  11   0  15  35   0   0   0  -1   0
   0   0   0361455  1   0   6   0  15  36   0   0   0  -1   0
   0   0   0371495  1   0  11   0  15  37   0   0   0  -1   0
   0   0   0381535  1   0  12   0  15  38   0   0   0  -1   0
   0   0   0391575  3   0  11   0  15  39   0   0   0  -1   0
   0   0   1 0  0  1   0   5   0   0   0   0   0   0  -1   1
   0   0   1 1 41  1   0  12   0   1   1   0   0   0  -1   1
   0   0   1 2 82  1   0   4   0   2   2   0   0   0  -1   1
   0   0   1 3123  1   0  12   0   3   3   0   0   0  -1   1
   0   0   1 4164  1   0   5   0   4   4   0   0   0  -1   1
   0   0   1 5205  1   0   0   0   5   5   0   0   0  -1   0
   0   0   1 6245  1   0  12   0   5   6   0   0   0  -1   1
   0   0   1 7286  1   0   3   0   6   7   0   0   0  -1   0
   0   0   1 8326  1   0   8   0   6   8   0   0   0  -1   1
   0   0   1 9367  1   0   0   0   7   9   0   0   0  -1   0
   0   0   110407  1   0   7   0   7  10   0   0   0  -1   0
   0   0   111447  1   0   1   0   7  11   0   0   0  -1   0
   0   0   112487  1   0   6   0   7  12   0   0   0  -1   1
   0   0   113528  1   0   4   0   8  13   0   0   0  -1   0
   0   0   114568  1   0   9   0   8  14   0   0   0  -1   1
   0   0   115609  1   0  10   0   9  15   0   0   0  -1   0
   0   0   116649  1   0   7   0   9  16   0   0   0  -1   0
   0   0   117689  1   0   1   0   9  17   0   0   0  -1   0
   0   0   118729  1   0   8   0   9  18   0   0   0  -1   0
   0   0   119769  1   0   1   0   9  19   0   0   0  -1   0
   0   0   120809  1   0  14   0   9  20   0   0   0  -1   1
   0   0   121850  1   0   9   0  10  21   0   0   0  -1   0
   0   0   122890  1   0   4   0  10  22   0   0   0  -1   0
   0   0   123930  1   0   9   0  10  23   0   0   0  -1   0
   0   0   124970  1   0  11   0  10  24   0   0   0  -1   0
   0   0   1251010  1   0  12   0  10  25   0   0   0  -1   0
   0   0   1261050  1   0   8   0  10  26   0   0   0  -1   0
   0   0   1271090  1   0   1   0  10  27   0   0   0  -1   0
   0   0   1281130  1   0   2   0  10  28   0   0   0  -1   1
   0   0   1291171  1   0  14   0  11  29   0   0   0  -1   1
   0   0   1301212  1   0   5   0  12  30   0   0   0  -1   0
   0   0   1311252  1   0   5   0  12  31   0   0   0  -1   0
   0   0   1321292  1   0  11   0  12  32   0   0   0  -1   0
   0   0   1331332  1   0   0   0  12  33   0   0   0  -1   0
   0   0   1341372  1   0  14   0  12  34   0   0   0  -1   0
   0   0   1351412  1   0   5   0  12  35   0   0   0  -1   1
   0   0   1361453  1   0  10   0  13  36   0   0   0  -1   0
   0   0   1371493  1   0  13   0  13  37   0   0   0  -1   0
   0   0   1381533  1   0   7   0  13  38   0   0   0  -1   0
   0   0   1391573  3   0   3   0  13  39   0   0   0  -1   0
