Output of DDP Tests:Non-Stationary Search
---------------------------
DP::Intialize is complete. Action and State spaces are empty.
 Log file name is: logs/DP-DDP-12-04-2022-11-24-34.log
Action variable objected stored in d.  Label = 'd'.  Number of values: 2
-------------------- DP Model Summary ------------------------
0. USER BELLMAN CLASS
    Test11 | One Dimensional Choice  | Bellman
1. CLOCK
    3. Normal Finite Horizon Aging
2. STATE VARIABLES
              |eps   |eta |theta        -clock        |gamma
              s11    s21    off   done      t     t'      k      f
       s.N      1      1      2      2     27      1      2      1


     Transition Categories (not counting placeholders and variables with N=1)
                 NonRandom       Random   Coevolving    Augmented       Timing    Invariant
     #Vars               1            1            0            0            1            1

3. SIZE OF SPACES

                       Number of Points
    Exogenous(Epsilon)                1
    SemiExogenous(Eta)                1
   Endogenous(Theta_t)                4
                 Times               27
         EV()Iterating                4
      ChoiceProb.track              108
         Random Groups                2
 Dynamic Random Groups                2
          Fixed Groups                1
   Total Groups(Gamma)                2
       Total Untrimmed              216

4. ACTION VARIABLES
   Number of Distinct action vectors: 2
             d
    a.N      2


5. TRIMMING AND SUBSAMPLING OF THE ENDOGENOUS STATE SPACE (Theta)
                           N
    TotalReachable       105
         Terminal         52
     Approximated          0
Index of first state by t (t=0..T-1)
      0      0      4      8     12     16     20     24     28     32     36     40     44     48     52     56     60     64     68     72     76     80     84     88     92     96    100    104


6. FEASIBLE ACTION SETS
 
     i    [d]        A[0]     A[1]   
     ------------------------------------
     000 (0)           X        X        
     001 (1)           X        -        
        #States       26       79
     -----------------------------------
         Key: X = row vector is feasible. - = infeasible


7. AUXILIARY OUTCOMES
      
Ew      

-------------------- End of Model Summary ------------------------
Phase :Initializing Increment:       0.04. Cumulative:         0.04
Tracking all actions, endogenous state and auxiliary variables

     Value of States and Choice Probabilities 
     Fixed Group Index(f): 0. Random Group Index(r): 1
     ------------------------------------------------------------------------------
    Indx   T   A offdone   t     r     f       EV      |Choice Probabilities:      z* 
     107   4   1   1   1  26     1     0        0.000000 0.103407     .NaN
     106   4   1   0   1  26     1     0       10.000000 1.000000
     105   2   0   1   0  26     1     0      120.000042 0.000833 0.999167       0.001000
     104   2   1   0   0  26     1     0        0.000000 1.000000
     103   4   1   1   1  25     1     0        0.000000 0.000833     .NaN
     102   4   1   0   1  25     1     0        0.000000 1.000000
     101   0   0   1   0  25     1     0      120.145692 0.000000 1.000000      -0.097505
     100   0   1   0   0  25     1     0        0.045692 1.000000
      99   4   1   1   1  24     1     0        0.000000 0.000000     .NaN
      98   4   1   0   1  24     1     0        0.000000 1.000000
      97   0   0   1   0  24     1     0      120.000233 0.001971 0.998029       0.002367
      96   0   1   0   0  24     1     0        0.136696 1.000000
      95   4   1   1   1  23     1     0        0.000000 0.001971     .NaN
      94   4   1   0   1  23     1     0        0.000000 1.000000
      93   0   0   1   0  23     1     0      120.000577 0.003097 0.996903       0.003723
      92   0   1   0   0  23     1     0        0.272250 1.000000
      91   4   1   1   1  22     1     0        0.000000 0.003097     .NaN
      90   4   1   0   1  22     1     0        0.000000 1.000000
      89   0   0   1   0  22     1     0      120.001267 0.004588 0.995412       0.005519
      88   0   1   0   0  22     1     0        0.451883 1.000000
      87   4   1   1   1  21     1     0        0.000000 0.004588     .NaN
      86   4   1   0   1  21     1     0        0.000000 1.000000
      85   0   0   1   0  21     1     0      120.002497 0.006437 0.993563       0.007750
      84   0   1   0   0  21     1     0        0.674968 1.000000
      83   4   1   1   1  20     1     0        0.000000 0.006437     .NaN
      82   4   1   0   1  20     1     0        0.000000 1.000000
      81   0   0   1   0  20     1     0      120.004501 0.008636 0.991364       0.010408
      80   0   1   0   0  20     1     0        0.940836 1.000000
      79   4   1   1   1  19     1     0        0.000000 0.008636     .NaN
      78   4   1   0   1  19     1     0        0.000000 1.000000
      77   0   0   1   0  19     1     0      120.007552 0.011177 0.988823       0.013488
      76   0   1   0   0  19     1     0        1.248778 1.000000
      75   4   1   1   1  18     1     0        0.000000 0.011177     .NaN
      74   4   1   0   1  18     1     0        0.000000 1.000000
      73   0   0   1   0  18     1     0      120.011958 0.014051 0.985949       0.016980
      72   0   1   0   0  18     1     0        1.598048 1.000000
      71   4   1   1   1  17     1     0        0.000000 0.014051     .NaN
      70   4   1   0   1  17     1     0        0.000000 1.000000
      69   0   0   1   0  17     1     0      120.018058 0.017248 0.982752       0.020879
      68   0   1   0   0  17     1     0        1.987863 1.000000
      67   4   1   1   1  16     1     0        0.000000 0.017248     .NaN
      66   4   1   0   1  16     1     0        0.000000 1.000000
      65   0   0   1   0  16     1     0      120.026222 0.020760 0.979240       0.025174
      64   0   1   0   0  16     1     0        2.417407 1.000000
      63   4   1   1   1  15     1     0        0.000000 0.020760     .NaN
      62   4   1   0   1  15     1     0        0.000000 1.000000
      61   0   0   1   0  15     1     0      120.036840 0.024575 0.975425       0.029858
      60   0   1   0   0  15     1     0        2.885833 1.000000
      59   4   1   1   1  14     1     0        0.000000 0.024575     .NaN
      58   4   1   0   1  14     1     0        0.000000 1.000000
      57   0   0   1   0  14     1     0      120.050327 0.028683 0.971317       0.034923
      56   0   1   0   0  14     1     0        3.392264 1.000000
      55   4   1   1   1  13     1     0        0.000000 0.028683     .NaN
      54   4   1   0   1  13     1     0        0.000000 1.000000
      53   0   0   1   0  13     1     0      120.067111 0.033072 0.966928       0.040358
      52   0   1   0   0  13     1     0        3.935799 1.000000
      51   4   1   1   1  12     1     0        0.000000 0.033072     .NaN
      50   4   1   0   1  12     1     0        0.000000 1.000000
      49   0   0   1   0  12     1     0      120.087635 0.037732 0.962268       0.046155
      48   0   1   0   0  12     1     0        4.515510 1.000000
      47   4   1   1   1  11     1     0        0.000000 0.037732     .NaN
      46   4   1   0   1  11     1     0        0.000000 1.000000
      45   0   0   1   0  11     1     0      120.112352 0.042651 0.957349       0.052304
      44   0   1   0   0  11     1     0        5.130450 1.000000
      43   4   1   1   1  10     1     0        0.000000 0.042651     .NaN
      42   4   1   0   1  10     1     0        0.000000 1.000000
      41   0   0   1   0  10     1     0      120.141719 0.047816 0.952184       0.058797
      40   0   1   0   0  10     1     0        5.779650 1.000000
      39   4   1   1   1   9     1     0        0.000000 0.047816     .NaN
      38   4   1   0   1   9     1     0        0.000000 1.000000
      37   0   0   1   0   9     1     0      120.176197 0.053216 0.946784       0.065621
      36   0   1   0   0   9     1     0        6.462128 1.000000
      35   4   1   1   1   8     1     0        0.000000 0.053216     .NaN
      34   4   1   0   1   8     1     0        0.000000 1.000000
      33   0   0   1   0   8     1     0      120.216245 0.058839 0.941161       0.072769
      32   0   1   0   0   8     1     0        7.176886 1.000000
      31   4   1   1   1   7     1     0        0.000000 0.058839     .NaN
      30   4   1   0   1   7     1     0        0.000000 1.000000
      29   0   0   1   0   7     1     0      120.262318 0.064672 0.935328       0.080229
      28   0   1   0   0   7     1     0        7.922913 1.000000
      27   4   1   1   1   6     1     0        0.000000 0.064672     .NaN
      26   4   1   0   1   6     1     0        0.000000 1.000000
      25   0   0   1   0   6     1     0      120.314865 0.070703 0.929297       0.087992
      24   0   1   0   0   6     1     0        8.699192 1.000000
      23   4   1   1   1   5     1     0        0.000000 0.070703     .NaN
      22   4   1   0   1   5     1     0        0.000000 1.000000
      21   0   0   1   0   5     1     0      120.374323 0.076920 0.923080       0.096047
      20   0   1   0   0   5     1     0        9.504696 1.000000
      19   4   1   1   1   4     1     0        0.000000 0.076920     .NaN
      18   4   1   0   1   4     1     0        0.000000 1.000000
      17   0   0   1   0   4     1     0      120.441118 0.083311 0.916689       0.104384
      16   0   1   0   0   4     1     0       10.338395 1.000000
      15   4   1   1   1   3     1     0        0.000000 0.083311     .NaN
      14   4   1   0   1   3     1     0        0.000000 1.000000
      13   0   0   1   0   3     1     0      120.515661 0.089863 0.910137       0.112993
      12   0   1   0   0   3     1     0       11.199257 1.000000
      11   4   1   1   1   2     1     0        0.000000 0.089863     .NaN
      10   4   1   0   1   2     1     0        0.000000 1.000000
       9   0   0   1   0   2     1     0      120.598345 0.096566 0.903434       0.121862
       8   0   1   0   0   2     1     0       12.086248 1.000000
       7   4   1   1   1   1     1     0        0.000000 0.096566     .NaN
       6   4   1   0   1   1     1     0        0.000000 1.000000
       5   0   0   1   0   1     1     0      120.689545 0.103407 0.896593       0.130983
       4   0   1   0   0   1     1     0       12.998338 1.000000
       0   0   1   0   0   0     1     0       13.934497 1.000000
     ------------------------------------------------------------------------------

     Value of States and Choice Probabilities 
     Fixed Group Index(f): 0. Random Group Index(r): 0
     ------------------------------------------------------------------------------
    Indx   T   A offdone   t     r     f       EV      |Choice Probabilities:      z* 
     107   4   1   1   1  26     0     0        0.000000 0.902567     .NaN
     106   4   1   0   1  26     0     0       10.000000 1.000000
     105   2   0   1   0  26     0     0      120.000042 0.000833 0.999167       0.001000
     104   2   1   0   0  26     0     0        0.000000 1.000000
     103   4   1   1   1  25     0     0        0.000000 0.000833     .NaN
     102   4   1   0   1  25     0     0        0.000000 1.000000
     101   0   0   1   0  25     0     0      123.983848 0.000000 1.000000      -0.055925
     100   0   1   0   0  25     0     0        3.883848 1.000000
      99   4   1   1   1  24     0     0        0.000000 0.000000     .NaN
      98   4   1   0   1  24     0     0        0.000000 1.000000
      97   0   0   1   0  24     0     0      120.554064 0.093043 0.906957       0.117192
      96   0   1   0   0  24     0     0       11.619174 1.000000
      95   4   1   1   1  23     0     0        0.000000 0.093043     .NaN
      94   4   1   0   1  23     0     0        0.000000 1.000000
      93   0   0   1   0  23     0     0      121.929161 0.168758 0.831242       0.221801
      92   0   1   0   0  23     0     0       22.080141 1.000000
      91   4   1   1   1  22     0     0        0.000000 0.168758     .NaN
      90   4   1   0   1  22     0     0        0.000000 1.000000
      89   0   0   1   0  22     0     0      124.613287 0.252272 0.747728       0.348859
      88   0   1   0   0  22     0     0       34.785948 1.000000
      87   4   1   1   1  21     0     0        0.000000 0.252272     .NaN
      86   4   1   0   1  21     0     0        0.000000 1.000000
      85   0   0   1   0  21     0     0      128.795885 0.335656 0.664344       0.490746
      84   0   1   0   0  21     0     0       48.974570 1.000000
      83   4   1   1   1  20     0     0        0.000000 0.335656     .NaN
      82   4   1   0   1  20     0     0        0.000000 1.000000
      81   0   0   1   0  20     0     0      134.432910 0.413772 0.586228       0.640855
      80   0   1   0   0  20     0     0       63.985510 1.000000
      79   4   1   1   1  19     0     0        0.000000 0.413772     .NaN
      78   4   1   0   1  19     0     0        0.000000 1.000000
      77   0   0   1   0  19     0     0      141.321807 0.484035 0.515965       0.794061
      76   0   1   0   0  19     0     0       79.306055 1.000000
      75   4   1   1   1  18     0     0        0.000000 0.484035     .NaN
      74   4   1   0   1  18     0     0        0.000000 1.000000
      73   0   0   1   0  18     0     0      149.190573 0.545664 0.454336       0.946703
      72   0   1   0   0  18     0     0       94.570304 1.000000
      71   4   1   1   1  17     0     0        0.000000 0.545664     .NaN
      70   4   1   0   1  17     0     0        0.000000 1.000000
      69   0   0   1   0  17     0     0      157.763039 0.598932 0.401068       1.096349
      68   0   1   0   0  17     0     0      109.534855 1.000000
      67   4   1   1   1  16     0     0        0.000000 0.598932     .NaN
      66   4   1   0   1  16     0     0        0.000000 1.000000
      65   0   0   1   0  16     0     0      166.794121 0.644622 0.355378       1.241487
      64   0   1   0   0  16     0     0      124.048744 1.000000
      63   4   1   1   1  15     0     0        0.000000 0.644622     .NaN
      62   4   1   0   1  15     0     0        0.000000 1.000000
      61   0   0   1   0  15     0     0      176.082833 0.683697 0.316303       1.381264
      60   0   1   0   0  15     0     0      138.026433 1.000000
      59   4   1   1   1  14     0     0        0.000000 0.683697     .NaN
      58   4   1   0   1  14     0     0        0.000000 1.000000
      57   0   0   1   0  14     0     0      185.472631 0.717117 0.282883       1.515267
      56   0   1   0   0  14     0     0      151.426689 1.000000
      55   4   1   1   1  13     0     0        0.000000 0.717117     .NaN
      54   4   1   0   1  13     0     0        0.000000 1.000000
      53   0   0   1   0  13     0     0      194.846036 0.745760 0.254240       1.643373
      52   0   1   0   0  13     0     0      164.237252 1.000000
      51   4   1   1   1  12     0     0        0.000000 0.745760     .NaN
      50   4   1   0   1  12     0     0        0.000000 1.000000
      49   0   0   1   0  12     0     0      204.117523 0.770389 0.229611       1.765642
      48   0   1   0   0  12     0     0      176.464191 1.000000
      47   4   1   1   1  11     0     0        0.000000 0.770389     .NaN
      46   4   1   0   1  11     0     0        0.000000 1.000000
      45   0   0   1   0  11     0     0      213.226627 0.791651 0.208349       1.882247
      44   0   1   0   0  11     0     0      188.124710 1.000000
      43   4   1   1   1  10     0     0        0.000000 0.791651     .NaN
      42   4   1   0   1  10     0     0        0.000000 1.000000
      41   0   0   1   0  10     0     0      222.132013 0.810087 0.189913       1.993424
      40   0   1   0   0  10     0     0      199.242394 1.000000
      39   4   1   1   1   9     0     0        0.000000 0.810087     .NaN
      38   4   1   0   1   9     0     0        0.000000 1.000000
      37   0   0   1   0   9     0     0      230.806691 0.826145 0.173855       2.099441
      36   0   1   0   0   9     0     0      209.844102 1.000000
      35   4   1   1   1   8     0     0        0.000000 0.826145     .NaN
      34   4   1   0   1   8     0     0        0.000000 1.000000
      33   0   0   1   0   8     0     0      239.234284 0.840197 0.159803       2.200580
      32   0   1   0   0   8     0     0      219.957982 1.000000
      31   4   1   1   1   7     0     0        0.000000 0.840197     .NaN
      30   4   1   0   1   7     0     0        0.000000 1.000000
      29   0   0   1   0   7     0     0      247.406174 0.852550 0.147450       2.297122
      28   0   1   0   0   7     0     0      229.612215 1.000000
      27   4   1   1   1   6     0     0        0.000000 0.852550     .NaN
      26   4   1   0   1   6     0     0        0.000000 1.000000
      25   0   0   1   0   6     0     0      255.319368 0.863457 0.136543       2.389343
      24   0   1   0   0   6     0     0      238.834260 1.000000
      23   4   1   1   1   5     0     0        0.000000 0.863457     .NaN
      22   4   1   0   1   5     0     0        0.000000 1.000000
      21   0   0   1   0   5     0     0      262.974888 0.873129 0.126871       2.477504
      20   0   1   0   0   5     0     0      247.650402 1.000000
      19   4   1   1   1   4     0     0        0.000000 0.873129     .NaN
      18   4   1   0   1   4     0     0        0.000000 1.000000
      17   0   0   1   0   4     0     0      270.376584 0.881741 0.118259       2.561855
      16   0   1   0   0   4     0     0      256.085521 1.000000
      15   4   1   1   1   3     0     0        0.000000 0.881741     .NaN
      14   4   1   0   1   3     0     0        0.000000 1.000000
      13   0   0   1   0   3     0     0      277.530259 0.889439 0.110561       2.642630
      12   0   1   0   0   3     0     0      264.162988 1.000000
      11   4   1   1   1   2     0     0        0.000000 0.889439     .NaN
      10   4   1   0   1   2     0     0        0.000000 1.000000
       9   0   0   1   0   2     0     0      284.443017 0.896347 0.103653       2.720046
       8   0   1   0   0   2     0     0      271.904643 1.000000
       7   4   1   1   1   1     0     0        0.000000 0.896347     .NaN
       6   4   1   0   1   1     0     0        0.000000 1.000000
       5   0   0   1   0   1     0     0      291.122790 0.902567 0.097433       2.794308
       4   0   1   0   0   1     0     0      279.330829 1.000000
       0   0   1   0   0   0     0     0      286.460456 1.000000
     ------------------------------------------------------------------------------
 Predicted Moments for fixed group: 0
    t           d         off        done          Ew
    0      0.0000      0.0000      0.0000      0.0000
    1      0.0459      0.4300      0.0000      0.1714
    2      0.0432      0.4135      0.0459      0.1580
    3      0.0405      0.3644      0.0432      0.1453
    4      0.0380      0.3200      0.0405      0.1334
    5      0.0356      0.2798      0.0380      0.1221
    6      0.0333      0.2437      0.0356      0.1114
    7      0.0312      0.2112      0.0333      0.1014
    8      0.0290      0.1821      0.0312      0.0919
    9      0.0270      0.1562      0.0290      0.0829
   10      0.0251      0.1332      0.0270      0.0745
   11      0.0232      0.1128      0.0251      0.0666
   12      0.0214      0.0948      0.0232      0.0591
   13      0.0197      0.0791      0.0214      0.0521
   14      0.0180      0.0655      0.0197      0.0456
   15      0.0164      0.0536      0.0180      0.0395
   16      0.0148      0.0435      0.0164      0.0339
   17      0.0133      0.0348      0.0148      0.0287
   18      0.0118      0.0275      0.0133      0.0239
   19      0.0103      0.0214      0.0118      0.0195
   20      0.0089      0.0164      0.0103      0.0156
   21      0.0075      0.0123      0.0089      0.0122
   22      0.0061      0.0090      0.0075      0.0092
   23      0.0048      0.0063      0.0061      0.0067
   24      0.0035      0.0042      0.0048      0.0046
   25      0.0024      0.0026      0.0035      0.0027
   26      0.0011      0.0012      0.0024      0.0013
... finished.
