<5297,6299,0,1;
 5297,10479,0,2;
 5297,15201,0,3;
 5297,20326,0,4;
 5297,24898,0,4;
 5297,29349,0,5;
 5297,33304,0,6;
 5297,37631,0,7;
 5297,42428,0,8;
 5297,47023,0,9;
 5297,52571,0,10;
 5297,58696,0,11;
 5297,62776,0,12;
 5297,66347,0,13;
 5297,69260,0,13;
 5297,72025,0,14;
 5297,74323,0,14;
 5297,76684,0,15;
 5297,79403,0,15;
 5297,82093,0,16;
 5297,84579,0,16;
 5297,88054,0,17;
 5297,90206,0,18;
 5297,92421,0,18;
 5297,95127,0,19;
 5297,98290,0,19;
 5297,100941,0,20;
 5297,104241,0,20;
 5297,107720,0,21;
 5297,110597,0,22;
 5297,113442,0,22;
 5297,116148,0,23;
 5297,118615,0,23;
 5297,121528,0,24;
 5297,123837,0,24;
 5297,126505,0,25;
 5297,129204,0,25;
 5297,132530,0,26;
 5297,135398,0,27;
 5297,137763,0,27;
 5297,143169,0,28;
 5297,148099,0,29;
 5297,152557,0,30;
 5297,155102,1,31;
 5297,4770,0,0;
 5297,7452,0,1;
 5297,10156,0,2;
 5297,11217,0,2;
 5297,14507,0,2;
 5297,18022,0,3;
 5297,20570,0,4;
 5297,23707,0,4;
 5297,27378,0,5;
 5297,30281,0,6;
 5297,34047,0,6;
 5297,35694,0,7;
 5297,36648,0,7;
 5297,39354,0,7;
 5297,41726,0,8;
 5297,44294,0,8;
 5297,46158,0,9;
 5297,48131,0,9;
 5297,51245,0,10;
 5297,53786,0,10;
 5297,55941,0,11;
 5297,58332,0,11;
 5297,61072,0,12;
 5297,63791,0,12;
 5297,65991,0,13;
 5297,68171,0,13;
 5297,70850,0,14;
 5297,73806,0,14;
 5297,76695,0,15;
 5297,79355,0,15;
 5297,81410,0,16;
 5297,83325,0,16;
 5297,85164,0,17;
 5297,86109,0,17;
 5297,87608,0,17;
 5297,89560,0,17;
 5297,90893,0,18;
 5297,93025,0,18;
 5297,95246,0,19;
 5297,97408,0,19;
 5297,99072,0,19;
 5297,101508,0,20;
 5297,102981,0,20;
 5297,104612,0,20;
 5297,106730,0,21;
 5297,108914,0,21;
 5297,111486,0,22;
 5297,113556,0,22;
 5297,115833,0,23;
 5297,117899,0,23;
 5297,119000,0,23;
 5297,119621,0,23;
 5297,121510,0,24;
 5297,123511,0,24;
 5297,125254,0,25;
 5297,127988,0,25;
 5297,130724,0,26;
 5297,132526,0,26;
 5297,134840,0,26;
 5297,136727,0,27;
 5297,138259,0,27;
 5297,139539,0,27;
 5297,141715,0,28;
 5297,143036,0,28;
 5297,144557,0,28;
 5297,146465,0,29;
 5297,148396,0,29;
 5297,149858,0,29;
 5297,152093,0,30;
 5297,154467,0,30;
 5297,156453,0,31;
 5297,158450,0,31 ><5298,4372,0,0;
 5298,9064,0,1;
 5298,13846,0,2;
 5298,18251,0,3;
 5298,22725,0,4;
 5298,27843,0,5;
 5298,32508,0,6;
 5298,37003,0,7;
 5298,41817,0,8;
 5298,47203,0,9;
 5298,52571,0,10;
 5298,57887,0,11;
 5298,62468,0,12;
 5298,66738,0,13;
 5298,71023,0,14;
 5298,75818,0,15;
 5298,79929,0,15;
 5298,83721,0,16;
 5298,88008,0,17;
 5298,91941,0,18;
 5298,95928,0,19;
 5298,100400,0,20;
 5298,103883,0,20;
 5298,108156,0,21;
 5298,111865,0,22;
 5298,115527,0,23;
 5298,120400,0,24;
 5298,122983,0,24;
 5298,126507,0,25;
 5298,130014,0,26;
 5298,134470,0,26;
 5298,138555,0,27;
 5298,142429,0,28;
 5298,145344,0,29;
 5298,148837,0,29;
 5298,152791,0,30;
 5298,156433,0,31;
 5298,160350,0,32;
 5298,163496,0,32;
 5298,167134,0,33;
 5298,170815,0,34;
 5298,174119,0,34;
 5298,177999,0,35;
 5298,180693,0,36;
 5298,182668,0,36;
 5298,184031,0,36;
 5298,185010,0,37;
 5298,185112,0,37;
 5298,186981,0,37;
 5298,188971,0,37;
 5298,191450,0,38;
 5298,194235,0,38;
 5298,197006,0,39;
 5298,201347,0,40;
 5298,203901,0,40;
 5298,205697,0,41;
 5298,205697,0,41;
 5298,207358,0,41;
 5298,208989,0,41;
 5298,210737,0,42;
 5298,212592,0,42;
 5298,214228,0,42;
 5298,216888,0,43;
 5298,219800,0,43;
 5298,222252,0,44;
 5298,224753,0,44;
 5298,227475,0,45;
 5298,230163,0,46;
 5298,231903,0,46;
 5298,234135,0,46;
 5298,236619,0,47;
 5298,238939,0,47;
 5298,241522,0,48;
 5298,243698,0,48;
 5298,246250,0,49;
 5298,248907,0,49;
 5298,251637,0,50;
 5298,252955,0,50;
 5298,255869,0,51;
 5298,258059,0,51;
 5298,260787,0,52;
 5298,262065,0,52;
 5298,263504,0,52;
 5298,265436,0,53;
 5298,267143,0,53;
 5298,268085,0,53;
 5298,270310,0,54;
 5298,271850,0,54;
 5298,273870,0,54;
 5298,275345,0,55;
 5298,277605,0,55;
 5298,280091,0,56;
 5298,281659,0,56;
 5298,284185,0,56;
 5298,286672,0,57;
 5298,288640,0,57;
 5298,290485,0,58;
 5298,292192,0,58;
 5298,293846,0,58;
 5298,296824,0,59;
 5298,297580,0,59;
 5298,298992,0,59;
 5298,300619,0,60;
 5298,302519,0,60;
 5298,304096,0,60;
 5298,306799,0,61;
 5298,308882,0,61;
 5298,310369,0,62;
 5298,312719,0,62;
 5298,315040,0,63;
 5298,316984,0,63;
 5298,319330,0,63;
 5298,320645,0,64;
 5298,322814,0,64;
 5298,324812,0,64;
 5298,326724,0,65 ><5299,8016,0,1;
 5299,12892,0,2;
 5299,18412,0,3;
 5299,23993,0,4;
 5299,29378,0,5;
 5299,33604,0,6;
 5299,39581,0,7;
 5299,44432,0,8;
 5299,49761,0,9;
 5299,54512,0,10;
 5299,60814,0,12;
 5299,67007,0,13;
 5299,71339,0,14;
 5299,76195,0,15;
 5299,79982,0,15;
 5299,84298,0,16;
 5299,89044,0,17;
 5299,92851,0,18;
 5299,96988,0,19;
 5299,100540,0,20;
 5299,104535,0,20;
 5299,108581,0,21;
 5299,112893,0,22;
 5299,116904,0,23;
 5299,121740,0,24;
 5299,125534,0,25;
 5299,130463,0,26;
 5299,136755,0,27;
 5299,142556,0,28;
 5299,147314,0,29;
 5299,153255,0,30;
 5299,158543,0,31;
 5299,164203,0,32;
 5299,168695,0,33;
 5299,173423,0,34;
 5299,178899,0,35;
 5299,181499,0,36;
 5299,184455,0,36;
 5299,188193,0,37;
 5299,191705,0,38;
 5299,195056,0,39;
 5299,197357,0,39;
 5299,200814,0,40;
 5299,203273,0,40;
 5299,206259,0,41;
 5299,208342,0,41;
 5299,209200,0,41;
 5299,209200,0,41;
 5299,211095,1,42;
 5299,4431,0,0;
 5299,7005,0,1;
 5299,10476,0,2;
 5299,13585,0,2;
 5299,16175,0,3;
 5299,19493,0,3;
 5299,21642,0,4;
 5299,23364,0,4;
 5299,24173,0,4;
 5299,26527,0,5;
 5299,29018,0,5;
 5299,31415,0,6;
 5299,33762,0,6;
 5299,36849,0,7;
 5299,39450,0,7;
 5299,41478,0,8;
 5299,43578,0,8;
 5299,46060,0,9;
 5299,46879,0,9;
 5299,46879,0,9;
 5299,46879,0,9;
 5299,47515,0,9;
 5299,49892,0,9;
 5299,51774,0,10;
 5299,53310,0,10;
 5299,55927,0,11;
 5299,58624,0,11;
 5299,61029,0,12;
 5299,62439,0,12;
 5299,64904,0,12;
 5299,67447,0,13;
 5299,69928,0,13;
 5299,71839,0,14;
 5299,74269,0,14;
 5299,76133,0,15;
 5299,78429,0,15;
 5299,80361,0,16;
 5299,82730,0,16;
 5299,84188,0,16;
 5299,86664,0,17;
 5299,88995,0,17;
 5299,91533,0,18;
 5299,94123,0,18;
 5299,95911,0,19;
 5299,98496,0,19;
 5299,100897,0,20;
 5299,102991,0,20;
 5299,105482,0,21;
 5299,107623,0,21;
 5299,109722,0,21;
 5299,111036,0,22;
 5299,111036,0,22;
 5299,111063,0,22;
 5299,111063,0,22;
 5299,112474,0,22;
 5299,114350,0,22;
 5299,117577,0,23;
 5299,119789,0,23;
 5299,122358,0,24;
 5299,124500,0,24;
 5299,126422,0,25;
 5299,128500,0,25;
 5299,130890,0,26;
 5299,132830,0,26;
 5299,134513,0,26;
 5299,136302,0,27;
 5299,137898,0,27 ><5300,5916,0,1;
 5300,10924,0,2;
 5300,15369,0,3;
 5300,21457,0,4;
 5300,26568,0,5;
 5300,29790,0,5;
 5300,35774,0,7;
 5300,41134,0,8;
 5300,46535,0,9;
 5300,51614,0,10;
 5300,55387,0,11;
 5300,59683,0,11;
 5300,64573,0,12;
 5300,68913,0,13;
 5300,72249,0,14;
 5300,76424,0,15;
 5300,79567,0,15;
 5300,83337,0,16;
 5300,87297,0,17;
 5300,90624,0,18;
 5300,93889,0,18;
 5300,98082,0,19;
 5300,102638,0,20;
 5300,106713,0,21;
 5300,111076,0,22;
 5300,116166,0,23;
 5300,120324,0,24;
 5300,124412,0,24;
 5300,129308,0,25;
 5300,133632,0,26;
 5300,137936,0,27;
 5300,142777,0,28;
 5300,147696,0,29;
 5300,152119,0,30;
 5300,156632,0,31;
 5300,161910,0,32;
 5300,165955,0,33;
 5300,170206,0,34;
 5300,173917,0,34;
 5300,177528,0,35;
 5300,181342,0,36;
 5300,185017,0,37;
 5300,189173,0,37;
 5300,191555,0,38;
 5300,193663,0,38;
 5300,194819,0,38;
 5300,196256,0,39;
 5300,198872,0,39;
 5300,200768,0,40;
 5300,200768,0,40;
 5300,200768,0,40;
 5300,201290,0,40;
 5300,204624,0,40;
 5300,207765,0,41;
 5300,211395,0,42;
 5300,213103,0,42;
 5300,213967,0,42;
 5300,216947,0,43;
 5300,219181,0,43;
 5300,222236,0,44;
 5300,224514,1,44;
 5300,12804,0,2;
 5300,15311,0,3;
 5300,18347,0,3;
 5300,21269,0,4;
 5300,26243,0,5;
 5300,29254,0,5;
 5300,33078,0,6;
 5300,35510,0,7;
 5300,37705,0,7;
 5300,41155,0,8;
 5300,45512,0,9;
 5300,49436,0,9;
 5300,52011,0,10;
 5300,53844,0,10;
 5300,56296,0,11;
 5300,59236,0,11;
 5300,61820,0,12;
 5300,66454,0,13;
 5300,69811,0,13;
 5300,72779,0,14;
 5300,76326,0,15;
 5300,79211,0,15;
 5300,82193,0,16;
 5300,84079,0,16;
 5300,86664,0,17;
 5300,90155,0,18;
 5300,91777,0,18;
 5300,93653,0,18;
 5300,96416,0,19;
 5300,98426,0,19;
 5300,100864,0,20;
 5300,102516,0,20;
 5300,104357,0,20;
 5300,106746,0,21;
 5300,108643,0,21;
 5300,110224,0,22;
 5300,111630,0,22;
 5300,113447,0,22;
 5300,115061,0,23;
 5300,117448,0,23;
 5300,119657,0,23;
 5300,122126,0,24;
 5300,124265,0,24;
 5300,125817,0,25;
 5300,128933,0,25;
 5300,130888,0,26;
 5300,133561,0,26;
 5300,135557,0,27;
 5300,137565,0,27;
 5300,139530,0,27;
 5300,142341,0,28;
 5300,144570,0,28;
 5300,146394,0,29;
 5300,148184,0,29;
 5300,150448,0,30 ><5301,4314,0,0;
 5301,7665,0,1;
 5301,11590,0,2;
 5301,15095,0,3;
 5301,18735,0,3;
 5301,22240,0,4;
 5301,25886,0,5;
 5301,29658,0,5;
 5301,34096,0,6;
 5301,38604,0,7;
 5301,44663,0,8;
 5301,50579,0,10;
 5301,53420,0,10;
 5301,58981,0,11;
 5301,64007,0,12;
 5301,69358,0,13;
 5301,74329,0,14;
 5301,78810,0,15;
 5301,82432,0,16;
 5301,87401,0,17;
 5301,92433,0,18;
 5301,97773,0,19;
 5301,103154,0,20;
 5301,108590,0,21;
 5301,112111,0,22;
 5301,116216,0,23;
 5301,120369,0,24;
 5301,124088,0,24;
 5301,127978,0,25;
 5301,131339,0,26;
 5301,135639,0,27;
 5301,139467,0,27;
 5301,144219,0,28;
 5301,148901,0,29;
 5301,152561,0,30;
 5301,157211,0,31;
 5301,161091,0,32;
 5301,165641,0,33;
 5301,168526,0,33;
 5301,173197,1,34;
 5301,8580,0,1;
 5301,12121,0,2;
 5301,16989,0,3;
 5301,19541,0,3;
 5301,22230,0,4;
 5301,23206,0,4;
 5301,25459,0,5;
 5301,27771,0,5;
 5301,30202,0,6;
 5301,31885,0,6;
 5301,36141,0,7;
 5301,40306,0,8;
 5301,44653,0,8;
 5301,49058,0,9;
 5301,53048,0,10;
 5301,55103,0,11;
 5301,56045,0,11;
 5301,59046,0,11;
 5301,61976,0,12;
 5301,65177,0,13;
 5301,67303,0,13;
 5301,69102,0,13;
 5301,70769,0,14;
 5301,72770,0,14;
 5301,75201,0,15;
 5301,77980,0,15;
 5301,80099,0,16;
 5301,82147,0,16;
 5301,84250,0,16;
 5301,86925,0,17;
 5301,88922,0,17;
 5301,88922,0,17;
 5301,88926,0,17;
 5301,88926,0,17;
 5301,90720,0,18;
 5301,92347,0,18;
 5301,95252,0,19;
 5301,96777,0,19;
 5301,100152,0,20;
 5301,102650,0,20;
 5301,105464,0,21;
 5301,109201,0,21;
 5301,111898,0,22;
 5301,115167,0,23;
 5301,117282,0,23;
 5301,120004,0,24;
 5301,122392,0,24;
 5301,124032,0,24;
 5301,126370,0,25;
 5301,128419,0,25;
 5301,130048,0,26;
 5301,132254,0,26;
 5301,134431,0,26;
 5301,137084,0,27;
 5301,140716,0,28;
 5301,144268,0,28;
 5301,146500,0,29;
 5301,148163,0,29;
 5301,149325,0,29;
 5301,152006,0,30;
 5301,154828,0,30;
 5301,156926,0,31;
 5301,159044,0,31;
 5301,160701,0,32;
 5301,162745,0,32;
 5301,165023,0,33;
 5301,166630,0,33;
 5301,169005,0,33;
 5301,171245,0,34;
 5301,173234,0,34;
 5301,174745,0,34;
 5301,176891,0,35;
 5301,178598,0,35;
 5301,180463,0,36;
 5301,182806,0,36;
 5301,184504,0,36 ><5302,7086,0,1;
 5302,11997,0,2;
 5302,16741,0,3;
 5302,21575,0,4;
 5302,26537,0,5;
 5302,31036,0,6;
 5302,36239,0,7;
 5302,41101,0,8;
 5302,45691,0,9;
 5302,51400,0,10;
 5302,56715,0,11;
 5302,61330,0,12;
 5302,65323,0,13;
 5302,69707,0,13;
 5302,72720,0,14;
 5302,77145,0,15;
 5302,81364,0,16;
 5302,84473,0,16;
 5302,88591,0,17;
 5302,93301,0,18;
 5302,97651,0,19;
 5302,101812,0,20;
 5302,107437,0,21;
 5302,111343,0,22;
 5302,114719,0,22;
 5302,119302,0,23;
 5302,122412,0,24;
 5302,123481,0,24;
 5302,127479,0,25;
 5302,128886,1,25;
 5302,5033,0,1;
 5302,9501,0,1;
 5302,13879,0,2;
 5302,18079,0,3;
 5302,22331,0,4;
 5302,25857,0,5;
 5302,30149,0,6;
 5302,34909,0,6;
 5302,38617,0,7;
 5302,42590,0,8;
 5302,47028,0,9;
 5302,50974,0,10;
 5302,55973,0,11;
 5302,60913,0,12;
 5302,62292,0,12;
 5302,63322,0,12;
 5302,64265,0,12;
 5302,65354,0,13;
 5302,69584,0,13;
 5302,74817,0,14;
 5302,79509,0,15;
 5302,84180,0,16;
 5302,88654,0,17;
 5302,92022,0,18;
 5302,95402,0,19;
 5302,98638,0,19;
 5302,100013,0,20;
 5302,102221,0,20;
 5302,105815,0,21;
 5302,109288,0,21;
 5302,111826,0,22;
 5302,114793,0,22;
 5302,116734,0,23;
 5302,120251,0,24;
 5302,122905,0,24;
 5302,123849,0,24;
 5302,124840,0,24;
 5302,127861,0,25;
 5302,131376,0,26;
 5302,134157,0,26;
 5302,136702,0,27;
 5302,139491,0,27;
 5302,141819,0,28;
 5302,143653,0,28;
 5302,144671,0,28;
 5302,146876,0,29;
 5302,149530,0,29;
 5302,150361,0,30;
 5302,152040,0,30;
 5302,154638,0,30;
 5302,157012,0,31;
 5302,158506,0,31;
 5302,160804,0,32;
 5302,163363,0,32;
 5302,165669,0,33;
 5302,167959,0,33;
 5302,171100,0,34;
 5302,172460,0,34;
 5302,173656,0,34;
 5302,175044,0,35;
 5302,177171,0,35;
 5302,179294,0,35;
 5302,180573,0,36;
 5302,181646,0,36;
 5302,185809,0,37;
 5302,188251,0,37;
 5302,189959,0,37;
 5302,191825,0,38;
 5302,193620,0,38;
 5302,195845,0,39;
 5302,197299,0,39;
 5302,198431,0,39;
 5302,200298,0,40;
 5302,201805,0,40;
 5302,204514,0,40;
 5302,207009,0,41;
 5302,208845,0,41;
 5302,210273,0,42;
 5302,212256,0,42;
 5302,214149,0,42;
 5302,215173,0,43;
 5302,216474,0,43;
 5302,218395,0,43;
 5302,220116,0,44;
 5302,222412,0,44;
 5302,224045,0,44 ><5303,7110,0,1;
 5303,12380,0,2;
 5303,18002,0,3;
 5303,23211,0,4;
 5303,29290,0,5;
 5303,33696,0,6;
 5303,39938,0,7;
 5303,46165,0,9;
 5303,52225,0,10;
 5303,57879,0,11;
 5303,62742,0,12;
 5303,68192,0,13;
 5303,72749,0,14;
 5303,77230,0,15;
 5303,81541,0,16;
 5303,86337,0,17;
 5303,90309,0,18;
 5303,93702,0,18;
 5303,98666,0,19;
 5303,102923,0,20;
 5303,107792,0,21;
 5303,113097,0,22;
 5303,117971,0,23;
 5303,122897,0,24;
 5303,127544,0,25;
 5303,132355,0,26;
 5303,137244,0,27;
 5303,143151,0,28;
 5303,147872,0,29;
 5303,153719,0,30;
 5303,160378,0,32;
 5303,165532,0,33;
 5303,170733,0,34;
 5303,176315,0,35;
 5303,180381,0,36;
 5303,185273,0,37;
 5303,190369,0,38;
 5303,194780,0,38;
 5303,199442,0,39;
 5303,204645,0,40;
 5303,207885,0,41;
 5303,207885,0,41;
 5303,211740,0,42;
 5303,215939,0,43;
 5303,216717,0,43;
 5303,218128,0,43;
 5303,218153,0,43;
 5303,218456,0,43;
 5303,221974,0,44;
 5303,227710,0,45;
 5303,231596,0,46;
 5303,235699,0,47;
 5303,239344,0,47;
 5303,242799,0,48;
 5303,246131,0,49;
 5303,249213,0,49;
 5303,250740,0,50;
 5303,253408,0,50;
 5303,255337,0,51;
 5303,258662,0,51;
 5303,260377,0,52;
 5303,263316,0,52;
 5303,266018,0,53;
 5303,268847,0,53;
 5303,271704,0,54;
 5303,273871,0,54;
 5303,276322,0,55;
 5303,279332,0,55;
 5303,280871,0,56;
 5303,282963,0,56;
 5303,283494,0,56;
 5303,283494,0,56;
 5303,285510,0,57;
 5303,287625,0,57;
 5303,290888,0,58;
 5303,293337,1,58;
 5303,10998,0,2;
 5303,12809,0,2;
 5303,16482,0,3;
 5303,19502,0,3;
 5303,22442,0,4;
 5303,25011,0,5;
 5303,26882,0,5;
 5303,29567,0,5;
 5303,32072,0,6;
 5303,34829,0,6;
 5303,36436,0,7;
 5303,38247,0,7;
 5303,40218,0,8;
 5303,42608,0,8;
 5303,45498,0,9;
 5303,47813,0,9;
 5303,49519,0,9;
 5303,52233,0,10;
 5303,55007,0,11;
 5303,56344,0,11;
 5303,59085,0,11;
 5303,61291,0,12;
 5303,62965,0,12;
 5303,65157,0,13;
 5303,66634,0,13;
 5303,68510,0,13;
 5303,70785,0,14;
 5303,72614,0,14;
 5303,74771,0,14;
 5303,78460,0,15;
 5303,81622,0,16;
 5303,82672,0,16;
 5303,83251,0,16;
 5303,85887,0,17;
 5303,87897,0,17;
 5303,89922,0,17;
 5303,92510,0,18;
 5303,94339,0,18;
 5303,96254,0,19;
 5303,98661,0,19 ><5304,6807,0,1;
 5304,12693,0,2;
 5304,18325,0,3;
 5304,24463,0,4;
 5304,30362,0,6;
 5304,35816,0,7;
 5304,41014,0,8;
 5304,47947,0,9;
 5304,53176,0,10;
 5304,59350,0,11;
 5304,64617,0,12;
 5304,69681,0,13;
 5304,74906,0,14;
 5304,77965,0,15;
 5304,81318,0,16;
 5304,85770,0,17;
 5304,88678,0,17;
 5304,90345,0,18;
 5304,94872,0,18;
 5304,98755,0,19;
 5304,102865,0,20;
 5304,106721,0,21;
 5304,110892,0,22;
 5304,115407,0,23;
 5304,119106,0,23;
 5304,124480,0,24;
 5304,128471,0,25;
 5304,132896,0,26;
 5304,137740,0,27;
 5304,142490,0,28;
 5304,147058,0,29;
 5304,152577,0,30;
 5304,156911,0,31;
 5304,161519,0,32;
 5304,166023,0,33;
 5304,170828,0,34;
 5304,175101,0,35;
 5304,180121,0,36;
 5304,184908,0,36;
 5304,189461,0,37;
 5304,194058,0,38;
 5304,198057,0,39;
 5304,202055,0,40;
 5304,204757,0,40;
 5304,207612,0,41;
 5304,209909,0,41;
 5304,211963,0,42;
 5304,215088,0,43;
 5304,217801,0,43;
 5304,220396,0,44;
 5304,222666,0,44;
 5304,226685,0,45;
 5304,229604,0,45;
 5304,233155,0,46;
 5304,235506,0,47;
 5304,237108,0,47;
 5304,238487,0,47;
 5304,240958,0,48;
 5304,243977,0,48;
 5304,246822,0,49;
 5304,249131,0,49;
 5304,251536,0,50;
 5304,253710,0,50;
 5304,256023,0,51;
 5304,258176,0,51;
 5304,261499,0,52;
 5304,264645,0,52;
 5304,268482,0,53;
 5304,271241,0,54;
 5304,273547,0,54;
 5304,276208,0,55;
 5304,279165,0,55;
 5304,281656,0,56;
 5304,284531,0,56;
 5304,289491,0,57;
 5304,290965,0,58;
 5304,295512,0,59;
 5304,298355,1,59;
 5304,11733,0,2;
 5304,15389,0,3;
 5304,18947,0,3;
 5304,22265,0,4;
 5304,26007,0,5;
 5304,29051,0,5;
 5304,31772,0,6;
 5304,33433,0,6;
 5304,36368,0,7;
 5304,38023,0,7;
 5304,39840,0,7;
 5304,41975,0,8;
 5304,43886,0,8;
 5304,45388,0,9;
 5304,47201,0,9;
 5304,49519,0,9;
 5304,52807,0,10;
 5304,55686,0,11;
 5304,57915,0,11;
 5304,59074,0,11;
 5304,60663,0,12;
 5304,63168,0,12;
 5304,67559,0,13;
 5304,69217,0,13;
 5304,71223,0,14;
 5304,72409,0,14;
 5304,74484,0,14;
 5304,77671,0,15;
 5304,79178,0,15;
 5304,81016,0,16;
 5304,82620,0,16;
 5304,84811,0,16;
 5304,86954,0,17;
 5304,89104,0,17;
 5304,90907,0,18;
 5304,92664,0,18;
 5304,94550,0,18;
 5304,96287,0,19 ><5305,8938,0,1;
 5305,13106,0,2;
 5305,18056,0,3;
 5305,23419,0,4;
 5305,28431,0,5;
 5305,31299,0,6;
 5305,35441,0,7;
 5305,40007,0,8;
 5305,44504,0,8;
 5305,50090,0,10;
 5305,54365,0,10;
 5305,58832,0,11;
 5305,62805,0,12;
 5305,67552,0,13;
 5305,72197,0,14;
 5305,77459,0,15;
 5305,82572,0,16;
 5305,88021,0,17;
 5305,94172,0,18;
 5305,99717,0,19;
 5305,105906,0,21;
 5305,111463,0,22;
 5305,117672,0,23;
 5305,121640,0,24;
 5305,127153,0,25;
 5305,132397,0,26;
 5305,137201,0,27;
 5305,143104,0,28;
 5305,148645,0,29;
 5305,153626,0,30;
 5305,159739,0,31;
 5305,165473,0,33;
 5305,170121,0,34;
 5305,175895,0,35;
 5305,181428,0,36;
 5305,187363,0,37;
 5305,192790,0,38;
 5305,199123,0,39;
 5305,205713,0,41;
 5305,212127,0,42;
 5305,218505,0,43;
 5305,223371,0,44;
 5305,229076,0,45;
 5305,232224,0,46;
 5305,236052,0,47;
 5305,240007,0,48;
 5305,240586,0,48;
 5305,240872,0,48;
 5305,244718,0,48;
 5305,250776,0,50;
 5305,256217,0,51;
 5305,260349,0,52;
 5305,264320,0,52;
 5305,269827,0,53;
 5305,275328,0,55;
 5305,278577,0,55;
 5305,280681,0,56;
 5305,283672,0,56;
 5305,287326,0,57;
 5305,291902,0,58;
 5305,294507,0,58;
 5305,297580,0,59;
 5305,300099,0,60;
 5305,303091,0,60;
 5305,307010,0,61;
 5305,309716,0,61;
 5305,313804,0,62;
 5305,318602,0,63;
 5305,322685,0,64;
 5305,326848,0,65;
 5305,330953,0,66;
 5305,334788,0,66;
 5305,337581,0,67;
 5305,340531,0,68;
 5305,342822,0,68;
 5305,344922,0,68;
 5305,348509,0,69;
 5305,351010,0,70;
 5305,353946,0,70;
 5305,356765,0,71;
 5305,360583,0,72;
 5305,364489,0,72;
 5305,367351,0,73;
 5305,369816,0,73;
 5305,372280,0,74;
 5305,374383,0,74;
 5305,377195,0,75;
 5305,378921,0,75;
 5305,380812,0,76;
 5305,382389,0,76;
 5305,385135,0,77;
 5305,387282,0,77;
 5305,388254,0,77;
 5305,389300,0,77;
 5305,392881,1,78;
 5305,9128,0,1;
 5305,10846,0,2;
 5305,11948,0,2;
 5305,13214,0,2;
 5305,15025,0,3;
 5305,16709,0,3;
 5305,17687,0,3;
 5305,20719,0,4;
 5305,22323,0,4;
 5305,24512,0,4;
 5305,27372,0,5;
 5305,29342,0,5;
 5305,32139,0,6;
 5305,34173,0,6;
 5305,35875,0,7;
 5305,37088,0,7;
 5305,38809,0,7;
 5305,40298,0,8;
 5305,41411,0,8;
 5305,43423,0,8;
 5305,45252,0,9 ><5306,3146,0,0;
 5306,13075,0,2;
 5306,18494,0,3;
 5306,23495,0,4;
 5306,29148,0,5;
 5306,34080,0,6;
 5306,40138,0,8;
 5306,45888,0,9;
 5306,50398,0,10;
 5306,55350,0,11;
 5306,60494,0,12;
 5306,65011,0,13;
 5306,70746,0,14;
 5306,75980,0,15;
 5306,82196,0,16;
 5306,88723,0,17;
 5306,94738,0,18;
 5306,100932,0,20;
 5306,107541,0,21;
 5306,113070,0,22;
 5306,119254,0,23;
 5306,125543,0,25;
 5306,129679,0,25;
 5306,135353,0,27;
 5306,139440,0,27;
 5306,143031,0,28;
 5306,147377,0,29;
 5306,151335,0,30;
 5306,156384,0,31;
 5306,160841,0,32;
 5306,165661,0,33;
 5306,169353,0,33;
 5306,174133,0,34;
 5306,178827,0,35;
 5306,184144,0,36;
 5306,188199,0,37;
 5306,194167,0,38;
 5306,198986,0,39;
 5306,203166,0,40;
 5306,209209,0,41;
 5306,214029,0,42;
 5306,219420,0,43;
 5306,225913,0,45;
 5306,230105,0,46;
 5306,233929,0,46;
 5306,235339,0,47;
 5306,235339,1,47;
 5306,3391,0,0;
 5306,7399,0,1;
 5306,12311,0,2;
 5306,16466,0,3;
 5306,19728,0,3;
 5306,24903,0,4;
 5306,29152,0,5;
 5306,34768,0,6;
 5306,38443,0,7;
 5306,39712,0,7;
 5306,43384,0,8;
 5306,47150,0,9;
 5306,51501,0,10;
 5306,52351,0,10;
 5306,62973,0,12;
 5306,67087,0,13;
 5306,71390,0,14;
 5306,76081,0,15;
 5306,80581,0,16;
 5306,83324,0,16;
 5306,87306,0,17;
 5306,91627,0,18;
 5306,94584,0,18;
 5306,97146,0,19;
 5306,101199,0,20;
 5306,105066,0,21;
 5306,109858,0,21;
 5306,114666,0,22;
 5306,117114,0,23;
 5306,117869,0,23;
 5306,120143,0,24;
 5306,125450,0,25;
 5306,128740,0,25;
 5306,133612,0,26;
 5306,138245,0,27;
 5306,141649,0,28;
 5306,144103,0,28;
 5306,146330,0,29;
 5306,148649,0,29;
 5306,150411,0,30;
 5306,152888,0,30;
 5306,154858,0,30;
 5306,156994,0,31;
 5306,158611,0,31;
 5306,160449,0,32;
 5306,161497,0,32;
 5306,164527,0,32;
 5306,167125,0,33;
 5306,170228,0,34;
 5306,172116,0,34;
 5306,173574,0,34;
 5306,175189,0,35;
 5306,176713,0,35;
 5306,180975,0,36;
 5306,184355,0,36;
 5306,185415,0,37;
 5306,185423,0,37;
 5306,185869,0,37;
 5306,188997,0,37;
 5306,190847,0,38;
 5306,193893,0,38;
 5306,195117,0,39;
 5306,197461,0,39;
 5306,199310,0,39;
 5306,200628,0,40;
 5306,202387,0,40;
 5306,204285,0,40;
 5306,206913,0,41;
 5306,208640,0,41 ><5307,916,0,0;
 5307,10748,0,2;
 5307,15909,0,3;
 5307,22365,0,4;
 5307,27533,0,5;
 5307,32306,0,6;
 5307,37543,0,7;
 5307,43245,0,8;
 5307,48650,0,9;
 5307,53953,0,10;
 5307,58807,0,11;
 5307,64183,0,12;
 5307,68293,0,13;
 5307,73107,0,14;
 5307,76951,0,15;
 5307,80710,0,16;
 5307,84647,0,16;
 5307,87872,0,17;
 5307,92231,0,18;
 5307,96005,0,19;
 5307,99621,0,19;
 5307,104653,0,20;
 5307,108879,0,21;
 5307,113006,0,22;
 5307,117662,0,23;
 5307,121345,0,24;
 5307,126214,0,25;
 5307,129866,0,25;
 5307,132424,0,26;
 5307,135716,0,27;
 5307,139664,0,27;
 5307,143361,0,28;
 5307,147410,0,29;
 5307,150905,0,30;
 5307,155258,0,31;
 5307,159116,0,31;
 5307,162475,0,32;
 5307,166239,0,33;
 5307,170603,0,34;
 5307,174306,0,34;
 5307,178181,0,35;
 5307,181814,0,36;
 5307,185515,0,37;
 5307,188514,0,37;
 5307,192092,0,38;
 5307,194370,0,38;
 5307,194860,0,38;
 5307,195713,0,39;
 5307,198569,0,39;
 5307,205147,0,41;
 5307,208595,0,41;
 5307,213129,0,42;
 5307,216953,0,43;
 5307,220389,0,44;
 5307,224189,0,44;
 5307,227470,0,45;
 5307,227872,0,45;
 5307,230144,0,46;
 5307,233523,0,46;
 5307,236435,0,47;
 5307,238410,0,47;
 5307,241677,0,48;
 5307,244950,0,48;
 5307,247460,0,49;
 5307,251191,0,50;
 5307,253545,0,50;
 5307,256827,0,51;
 5307,260281,1,52;
 5307,11896,0,2;
 5307,15471,0,3;
 5307,17560,0,3;
 5307,20506,0,4;
 5307,22606,0,4;
 5307,25585,0,5;
 5307,27061,0,5;
 5307,29497,0,5;
 5307,32483,0,6;
 5307,34159,0,6;
 5307,37312,0,7;
 5307,40526,0,8;
 5307,44148,0,8;
 5307,47100,0,9;
 5307,49532,0,9;
 5307,52545,0,10;
 5307,55153,0,11;
 5307,57429,0,11;
 5307,61092,0,12;
 5307,62995,0,12;
 5307,65658,0,13;
 5307,67499,0,13;
 5307,69653,0,13;
 5307,71739,0,14;
 5307,73556,0,14;
 5307,75432,0,15;
 5307,77212,0,15;
 5307,77442,0,15;
 5307,78171,0,15;
 5307,80271,0,16;
 5307,82025,0,16;
 5307,84264,0,16;
 5307,86842,0,17;
 5307,88515,0,17;
 5307,91885,0,18;
 5307,93966,0,18;
 5307,95986,0,19;
 5307,97893,0,19;
 5307,99694,0,19;
 5307,102062,0,20;
 5307,103626,0,20;
 5307,106066,0,21;
 5307,108358,0,21;
 5307,109107,0,21;
 5307,111702,0,22;
 5307,113888,0,22;
 5307,116623,0,23;
 5307,119034,0,23 ><5308,1137,0,0;
 5308,5791,0,1;
 5308,8352,0,1;
 5308,9384,0,1;
 5308,12897,0,2;
 5308,17418,0,3;
 5308,22357,0,4;
 5308,27340,0,5;
 5308,33115,0,6;
 5308,38620,0,7;
 5308,43655,0,8;
 5308,48800,0,9;
 5308,53058,0,10;
 5308,58063,0,11;
 5308,61403,0,12;
 5308,66120,0,13;
 5308,70146,0,14;
 5308,75557,0,15;
 5308,81335,0,16;
 5308,86389,0,17;
 5308,92023,0,18;
 5308,96269,0,19;
 5308,100372,0,20;
 5308,105671,0,21;
 5308,110567,0,22;
 5308,115627,0,23;
 5308,121220,0,24;
 5308,125699,0,25;
 5308,130633,0,26;
 5308,134703,0,26;
 5308,139802,0,27;
 5308,143682,0,28;
 5308,148962,0,29;
 5308,154438,0,30;
 5308,159553,0,31;
 5308,164117,0,32;
 5308,169373,0,33;
 5308,174455,0,34;
 5308,179406,0,35;
 5308,184564,0,36;
 5308,189609,0,37;
 5308,194109,0,38;
 5308,198128,0,39;
 5308,201100,0,40;
 5308,203723,0,40;
 5308,206819,0,41;
 5308,209324,0,41;
 5308,212405,0,42;
 5308,216675,0,43;
 5308,220700,0,44;
 5308,224348,0,44;
 5308,226436,0,45;
 5308,230010,0,46;
 5308,233039,1,46;
 5308,10647,0,2;
 5308,14124,0,2;
 5308,15260,0,3;
 5308,17551,0,3;
 5308,20278,0,4;
 5308,23184,0,4;
 5308,25485,0,5;
 5308,28290,0,5;
 5308,32013,0,6;
 5308,34587,0,6;
 5308,37542,0,7;
 5308,39684,0,7;
 5308,43670,0,8;
 5308,46469,0,9;
 5308,48782,0,9;
 5308,50907,0,10;
 5308,53140,0,10;
 5308,55344,0,11;
 5308,57689,0,11;
 5308,60415,0,12;
 5308,63450,0,12;
 5308,65855,0,13;
 5308,70095,0,14;
 5308,72147,0,14;
 5308,76245,0,15;
 5308,78452,0,15;
 5308,80844,0,16;
 5308,83074,0,16;
 5308,85183,0,17;
 5308,87557,0,17;
 5308,89228,0,17;
 5308,91552,0,18;
 5308,93831,0,18;
 5308,95798,0,19;
 5308,98396,0,19;
 5308,101019,0,20;
 5308,104026,0,20;
 5308,106131,0,21;
 5308,107893,0,21;
 5308,110554,0,22;
 5308,112620,0,22;
 5308,115472,0,23;
 5308,117232,0,23;
 5308,118546,0,23;
 5308,119806,0,23;
 5308,122125,0,24;
 5308,124949,0,24;
 5308,126691,0,25;
 5308,128839,0,25;
 5308,130216,0,26;
 5308,132316,0,26;
 5308,134935,0,26;
 5308,137140,0,27;
 5308,139272,0,27;
 5308,140606,0,28;
 5308,142925,0,28;
 5308,145173,0,29;
 5308,147286,0,29;
 5308,149567,0,29;
 5308,151832,0,30;
 5308,153945,0,30;
 5308,156791,0,31 ><5309,2626,0,0;
 5309,11481,0,2;
 5309,15471,0,3;
 5309,21237,0,4;
 5309,24740,0,4;
 5309,28501,0,5;
 5309,32356,0,6;
 5309,37944,0,7;
 5309,43040,0,8;
 5309,48426,0,9;
 5309,51679,0,10;
 5309,55869,0,11;
 5309,60953,0,12;
 5309,65454,0,13;
 5309,69366,0,13;
 5309,73911,0,14;
 5309,77840,0,15;
 5309,82566,0,16;
 5309,87703,0,17;
 5309,92887,0,18;
 5309,98455,0,19;
 5309,102416,0,20;
 5309,107194,0,21;
 5309,110612,0,22;
 5309,114538,0,22;
 5309,118360,0,23;
 5309,122041,0,24;
 5309,126336,0,25;
 5309,129469,0,25;
 5309,133287,0,26;
 5309,137754,0,27;
 5309,140919,0,28;
 5309,144807,0,28;
 5309,149111,0,29;
 5309,152959,0,30;
 5309,156791,0,31;
 5309,161781,0,32;
 5309,167674,0,33;
 5309,173464,0,34;
 5309,179978,0,35;
 5309,184367,0,36;
 5309,189410,0,37;
 5309,192454,0,38;
 5309,197041,0,39;
 5309,201223,0,40;
 5309,205133,0,41;
 5309,205697,0,41;
 5309,206333,0,41;
 5309,209935,0,41;
 5309,214057,0,42;
 5309,217050,0,43;
 5309,221219,0,44;
 5309,224710,0,44;
 5309,227504,0,45;
 5309,231450,0,46;
 5309,234369,0,46;
 5309,235639,0,47;
 5309,238712,0,47;
 5309,241525,0,48;
 5309,244820,0,48;
 5309,246848,0,49;
 5309,249350,0,49;
 5309,252551,0,50;
 5309,254911,0,50;
 5309,258291,0,51;
 5309,261330,0,52;
 5309,263777,0,52;
 5309,266529,0,53;
 5309,268817,0,53;
 5309,271112,0,54;
 5309,273771,0,54;
 5309,276694,0,55;
 5309,279233,0,55;
 5309,281677,0,56;
 5309,284104,0,56;
 5309,286301,0,57;
 5309,288923,0,57;
 5309,289792,0,57;
 5309,291975,0,58;
 5309,293968,0,58;
 5309,295810,0,59;
 5309,297628,0,59;
 5309,300017,0,60;
 5309,301789,0,60;
 5309,304348,1,60;
 5309,7027,0,1;
 5309,10325,0,2;
 5309,11341,0,2;
 5309,14123,0,2;
 5309,16253,0,3;
 5309,18694,0,3;
 5309,20852,0,4;
 5309,22398,0,4;
 5309,24613,0,4;
 5309,26887,0,5;
 5309,29242,0,5;
 5309,30574,0,6;
 5309,32333,0,6;
 5309,34060,0,6;
 5309,36763,0,7;
 5309,39230,0,7;
 5309,40695,0,8;
 5309,42840,0,8;
 5309,44395,0,8;
 5309,46322,0,9;
 5309,48694,0,9;
 5309,50568,0,10;
 5309,52404,0,10;
 5309,54681,0,10;
 5309,57648,0,11;
 5309,59238,0,11;
 5309,61203,0,12;
 5309,63243,0,12;
 5309,65155,0,13;
 5309,67122,0,13;
 5309,69480,0,13 ><5310,182,0,0;
 5310,8242,0,1;
 5310,12559,0,2;
 5310,16453,0,3;
 5310,20700,0,4;
 5310,24325,0,4;
 5310,29159,0,5;
 5310,33100,0,6;
 5310,37575,0,7;
 5310,42110,0,8;
 5310,46706,0,9;
 5310,51669,0,10;
 5310,56638,0,11;
 5310,59330,0,11;
 5310,63282,0,12;
 5310,66169,0,13;
 5310,69075,0,13;
 5310,71528,0,14;
 5310,74384,0,14;
 5310,76685,0,15;
 5310,79201,0,15;
 5310,81849,0,16;
 5310,85422,0,17;
 5310,88943,0,17;
 5310,94472,0,18;
 5310,99413,0,19;
 5310,103896,0,20;
 5310,107731,0,21;
 5310,112062,0,22;
 5310,115595,0,23;
 5310,120347,0,24;
 5310,124680,0,24;
 5310,129447,0,25;
 5310,134357,0,26;
 5310,139334,0,27;
 5310,144351,0,28;
 5310,150438,0,30;
 5310,156083,0,31;
 5310,162789,0,32;
 5310,168014,0,33;
 5310,173082,0,34;
 5310,179200,0,35;
 5310,185266,0,37;
 5310,190619,0,38;
 5310,196153,0,39;
 5310,199303,0,39;
 5310,202311,0,40;
 5310,203811,0,40;
 5310,207903,0,41;
 5310,212174,0,42;
 5310,216215,0,43;
 5310,220606,0,44;
 5310,225726,0,45;
 5310,229604,0,45;
 5310,233829,0,46;
 5310,236352,0,47;
 5310,237847,0,47;
 5310,240502,0,48;
 5310,242813,0,48;
 5310,245705,0,49;
 5310,246523,0,49;
 5310,248906,0,49;
 5310,251896,0,50;
 5310,254702,1,50;
 5310,10924,0,2;
 5310,14173,0,2;
 5310,17363,0,3;
 5310,20886,0,4;
 5310,24499,0,4;
 5310,27919,0,5;
 5310,30028,0,6;
 5310,32287,0,6;
 5310,34592,0,6;
 5310,36610,0,7;
 5310,41286,0,8;
 5310,45836,0,9;
 5310,49012,0,9;
 5310,50743,0,10;
 5310,53800,0,10;
 5310,56063,0,11;
 5310,58761,0,11;
 5310,62991,0,12;
 5310,64862,0,12;
 5310,66912,0,13;
 5310,70609,0,14;
 5310,70729,0,14;
 5310,72586,0,14;
 5310,74063,0,14;
 5310,76624,0,15;
 5310,78829,0,15;
 5310,81026,0,16;
 5310,83391,0,16;
 5310,85617,0,17;
 5310,88015,0,17;
 5310,90686,0,18;
 5310,93019,0,18;
 5310,95098,0,19;
 5310,97081,0,19;
 5310,98461,0,19;
 5310,100729,0,20;
 5310,105523,0,21;
 5310,109199,0,21;
 5310,112120,0,22;
 5310,113904,0,22;
 5310,115799,0,23;
 5310,119152,0,23;
 5310,119760,0,23;
 5310,122373,0,24;
 5310,124587,0,24;
 5310,127085,0,25;
 5310,129335,0,25;
 5310,131580,0,26;
 5310,133161,0,26;
 5310,135639,0,27;
 5310,137741,0,27;
 5310,139642,0,27 ><5311,2539,0,0;
 5311,9970,0,1;
 5311,11533,0,2;
 5311,16321,0,3;
 5311,20609,0,4;
 5311,24500,0,4;
 5311,28920,0,5;
 5311,33296,0,6;
 5311,37959,0,7;
 5311,43040,0,8;
 5311,48660,0,9;
 5311,53932,0,10;
 5311,57734,0,11;
 5311,62872,0,12;
 5311,68111,0,13;
 5311,73755,0,14;
 5311,78879,0,15;
 5311,84219,0,16;
 5311,90271,0,18;
 5311,96006,0,19;
 5311,102027,0,20;
 5311,104204,0,20;
 5311,107195,0,21;
 5311,111823,0,22;
 5311,116434,0,23;
 5311,120674,0,24;
 5311,125202,0,25;
 5311,129458,0,25;
 5311,134340,0,26;
 5311,138380,0,27;
 5311,141929,0,28;
 5311,146645,0,29;
 5311,151176,0,30;
 5311,155612,0,31;
 5311,160079,0,32;
 5311,163612,0,32;
 5311,168880,0,33;
 5311,173910,0,34;
 5311,178705,0,35;
 5311,184185,0,36;
 5311,190273,0,38;
 5311,195654,0,39;
 5311,201192,0,40;
 5311,203623,0,40;
 5311,205864,0,41;
 5311,208176,0,41;
 5311,210461,0,42;
 5311,212542,0,42;
 5311,215933,0,43;
 5311,221841,0,44;
 5311,223380,0,44;
 5311,226194,0,45;
 5311,230635,0,46;
 5311,235021,0,47;
 5311,239217,0,47;
 5311,242271,0,48;
 5311,243386,0,48;
 5311,246073,0,49;
 5311,249528,0,49;
 5311,252687,0,50;
 5311,255049,0,51;
 5311,258045,0,51;
 5311,261331,0,52;
 5311,264362,0,52;
 5311,266558,0,53;
 5311,269381,0,53;
 5311,271517,0,54;
 5311,271517,0,54;
 5311,274577,0,54;
 5311,277413,0,55;
 5311,279560,1,55;
 5311,8973,0,1;
 5311,11059,0,2;
 5311,13525,0,2;
 5311,17119,0,3;
 5311,18920,0,3;
 5311,22423,0,4;
 5311,24791,0,4;
 5311,28715,0,5;
 5311,31314,0,6;
 5311,34376,0,6;
 5311,37725,0,7;
 5311,40515,0,8;
 5311,42214,0,8;
 5311,44709,0,8;
 5311,47159,0,9;
 5311,49779,0,9;
 5311,51807,0,10;
 5311,53256,0,10;
 5311,55498,0,11;
 5311,58112,0,11;
 5311,60613,0,12;
 5311,62515,0,12;
 5311,65583,0,13;
 5311,68631,0,13;
 5311,70793,0,14;
 5311,73231,0,14;
 5311,75371,0,15;
 5311,77771,0,15;
 5311,79847,0,15;
 5311,82516,0,16;
 5311,84150,0,16;
 5311,86442,0,17;
 5311,88466,0,17;
 5311,89704,0,17;
 5311,92098,0,18;
 5311,93607,0,18;
 5311,96750,0,19;
 5311,98844,0,19;
 5311,100605,0,20;
 5311,102503,0,20;
 5311,104112,0,20;
 5311,106899,0,21;
 5311,109176,0,21;
 5311,111572,0,22;
 5311,113080,0,22 ><5312,1640,0,0;
 5312,11190,0,2;
 5312,14683,0,2;
 5312,19468,0,3;
 5312,25149,0,5;
 5312,29625,0,5;
 5312,34460,0,6;
 5312,38635,0,7;
 5312,43918,0,8;
 5312,49340,0,9;
 5312,54334,0,10;
 5312,59744,0,11;
 5312,64266,0,12;
 5312,68957,0,13;
 5312,72642,0,14;
 5312,76320,0,15;
 5312,79149,0,15;
 5312,82135,0,16;
 5312,85381,0,17;
 5312,87449,0,17;
 5312,90258,0,18;
 5312,94674,0,18;
 5312,98808,0,19;
 5312,102969,0,20;
 5312,105374,0,21;
 5312,107973,0,21;
 5312,110869,0,22;
 5312,113212,0,22;
 5312,115009,0,23;
 5312,117891,0,23;
 5312,120857,0,24;
 5312,124408,0,24;
 5312,128830,0,25;
 5312,132161,0,26;
 5312,136581,0,27;
 5312,137998,0,27;
 5312,142785,0,28;
 5312,148034,0,29;
 5312,153070,0,30;
 5312,158014,0,31;
 5312,163307,0,32;
 5312,167320,0,33;
 5312,171881,0,34;
 5312,175919,0,35;
 5312,180618,0,36;
 5312,182304,0,36;
 5312,184792,0,36;
 5312,187805,0,37;
 5312,191582,0,38;
 5312,197368,0,39;
 5312,200743,0,40;
 5312,204757,0,40;
 5312,208295,0,41;
 5312,212966,0,42;
 5312,217043,0,43;
 5312,220037,0,44;
 5312,220935,0,44;
 5312,223719,0,44;
 5312,226740,0,45;
 5312,229494,0,45;
 5312,231000,0,46;
 5312,234578,0,46;
 5312,237336,0,47;
 5312,240381,0,48;
 5312,243547,0,48;
 5312,246098,0,49;
 5312,248426,0,49;
 5312,251593,0,50;
 5312,254139,0,50;
 5312,257401,0,51;
 5312,259715,0,51;
 5312,262697,0,52;
 5312,265233,0,53;
 5312,267229,0,53;
 5312,269543,0,53;
 5312,271614,0,54;
 5312,274097,0,54;
 5312,275372,0,55;
 5312,277344,0,55;
 5312,279222,0,55;
 5312,281493,0,56;
 5312,284343,0,56;
 5312,286595,0,57;
 5312,288955,0,57;
 5312,291337,0,58;
 5312,293615,0,58;
 5312,296056,0,59;
 5312,297173,0,59;
 5312,299084,0,59;
 5312,301729,0,60;
 5312,303279,0,60;
 5312,305282,0,61;
 5312,306948,0,61;
 5312,309783,0,61;
 5312,312312,0,62;
 5312,315360,0,63;
 5312,317144,0,63;
 5312,318797,0,63;
 5312,320666,0,64;
 5312,322858,0,64;
 5312,323923,0,64;
 5312,326174,0,65;
 5312,327869,0,65;
 5312,327878,0,65;
 5312,327939,0,65;
 5312,328607,0,65;
 5312,330508,0,66;
 5312,333075,1,66;
 5312,6652,0,1;
 5312,8805,0,1;
 5312,10615,0,2;
 5312,12942,0,2;
 5312,16313,0,3;
 5312,18719,0,3;
 5312,20901,0,4;
 5312,22531,0,4 ><5313,2412,0,0;
 5313,13436,0,2;
 5313,18030,0,3;
 5313,19377,0,3;
 5313,26008,0,5;
 5313,30509,0,6;
 5313,36728,0,7;
 5313,42302,0,8;
 5313,47290,0,9;
 5313,50813,0,10;
 5313,55445,0,11;
 5313,60653,0,12;
 5313,64162,0,12;
 5313,68280,0,13;
 5313,72367,0,14;
 5313,75874,0,15;
 5313,78936,0,15;
 5313,82387,0,16;
 5313,86078,0,17;
 5313,90661,0,18;
 5313,94637,0,18;
 5313,98225,0,19;
 5313,101956,0,20;
 5313,105533,0,21;
 5313,110277,0,22;
 5313,114367,0,22;
 5313,119182,0,23;
 5313,123377,0,24;
 5313,127219,0,25;
 5313,131162,0,26;
 5313,135280,0,27;
 5313,139700,0,27;
 5313,144389,0,28;
 5313,150219,0,30;
 5313,155475,0,31;
 5313,160622,0,32;
 5313,164058,0,32;
 5313,168205,0,33;
 5313,172537,0,34;
 5313,176758,0,35;
 5313,180687,0,36;
 5313,184616,0,36;
 5313,189109,0,37;
 5313,193423,0,38;
 5313,197618,0,39;
 5313,200429,0,40;
 5313,202289,0,40;
 5313,205321,0,41;
 5313,210343,0,42;
 5313,215791,0,43;
 5313,218778,0,43;
 5313,222455,0,44;
 5313,226521,0,45;
 5313,231362,0,46;
 5313,234823,0,46;
 5313,237304,0,47;
 5313,238411,0,47;
 5313,240639,0,48;
 5313,242922,0,48;
 5313,245024,0,49;
 5313,246334,0,49;
 5313,247940,0,49;
 5313,249697,0,49;
 5313,251212,0,50;
 5313,252644,0,50;
 5313,255712,0,51;
 5313,260005,0,52;
 5313,262721,0,52;
 5313,264237,0,52;
 5313,265621,1,53;
 5313,8464,0,1;
 5313,10658,0,2;
 5313,12790,0,2;
 5313,15093,0,3;
 5313,17605,0,3;
 5313,20386,0,4;
 5313,23911,0,4;
 5313,26008,0,5;
 5313,28995,0,5;
 5313,31649,0,6;
 5313,35195,0,7;
 5313,37373,0,7;
 5313,40293,0,8;
 5313,42085,0,8;
 5313,45915,0,9;
 5313,48435,0,9;
 5313,51424,0,10;
 5313,52983,0,10;
 5313,54151,0,10;
 5313,56252,0,11;
 5313,58478,0,11;
 5313,60644,0,12;
 5313,62612,0,12;
 5313,65223,0,13;
 5313,66341,0,13;
 5313,67194,0,13;
 5313,69990,0,13;
 5313,71720,0,14;
 5313,72937,0,14;
 5313,74678,0,14;
 5313,76015,0,15;
 5313,78620,0,15;
 5313,81334,0,16;
 5313,82684,0,16;
 5313,84185,0,16;
 5313,87110,0,17;
 5313,89893,0,17;
 5313,92450,0,18;
 5313,94673,0,18;
 5313,96855,0,19;
 5313,98615,0,19;
 5313,101319,0,20;
 5313,104393,0,20;
 5313,105726,0,21;
 5313,105811,0,21;
 5313,108314,0,21 ><5314,2033,0,0;
 5314,10688,0,2;
 5314,13795,0,2;
 5314,19005,0,3;
 5314,22665,0,4;
 5314,26902,0,5;
 5314,30402,0,6;
 5314,34180,0,6;
 5314,37154,0,7;
 5314,42275,0,8;
 5314,47250,0,9;
 5314,52419,0,10;
 5314,56702,0,11;
 5314,60542,0,12;
 5314,64819,0,12;
 5314,68360,0,13;
 5314,72622,0,14;
 5314,76528,0,15;
 5314,80947,0,16;
 5314,85306,0,17;
 5314,89965,0,17;
 5314,94795,0,18;
 5314,99391,0,19;
 5314,104311,0,20;
 5314,107546,0,21;
 5314,111050,0,22;
 5314,115226,0,23;
 5314,118248,0,23;
 5314,122167,0,24;
 5314,125530,0,25;
 5314,130565,0,26;
 5314,133683,0,26;
 5314,137036,0,27;
 5314,140201,0,28;
 5314,143703,0,28;
 5314,146712,0,29;
 5314,151302,0,30;
 5314,155620,0,31;
 5314,160167,0,32;
 5314,165030,0,33;
 5314,169563,0,33;
 5314,173940,0,34;
 5314,177990,0,35;
 5314,181806,0,36;
 5314,186956,0,37;
 5314,191173,0,38;
 5314,196394,0,39;
 5314,201056,0,40;
 5314,204533,0,40;
 5314,209072,0,41;
 5314,212876,0,42;
 5314,217999,0,43;
 5314,221879,0,44;
 5314,225219,0,45;
 5314,229416,0,45;
 5314,231975,0,46;
 5314,233414,0,46;
 5314,235802,0,47;
 5314,239620,0,47;
 5314,242646,0,48;
 5314,245242,0,49;
 5314,247758,0,49;
 5314,251584,0,50;
 5314,254071,0,50;
 5314,257187,0,51;
 5314,259718,0,51;
 5314,262674,0,52;
 5314,265422,0,53;
 5314,267842,0,53;
 5314,270113,0,54;
 5314,274230,0,54;
 5314,277920,0,55;
 5314,281634,0,56;
 5314,286539,0,57;
 5314,288729,0,57;
 5314,290910,0,58;
 5314,292217,0,58;
 5314,292829,0,58;
 5314,294127,0,58;
 5314,296929,0,59;
 5314,298852,0,59;
 5314,301967,0,60;
 5314,304484,0,60;
 5314,306953,0,61;
 5314,308481,0,61;
 5314,310977,0,62;
 5314,313299,0,62;
 5314,314930,0,62;
 5314,316671,0,63;
 5314,318450,0,63;
 5314,319408,0,63;
 5314,321695,0,64;
 5314,323574,0,64;
 5314,325173,0,65;
 5314,328462,0,65;
 5314,330933,0,66;
 5314,333043,0,66;
 5314,334359,0,66;
 5314,335295,0,67;
 5314,337557,0,67;
 5314,339842,0,67;
 5314,341040,0,68;
 5314,343009,0,68;
 5314,344204,0,68;
 5314,346041,0,69;
 5314,347872,0,69;
 5314,348876,0,69;
 5314,350763,0,70;
 5314,352623,0,70;
 5314,353283,0,70;
 5314,358615,0,71;
 5314,361319,0,72;
 5314,364393,0,72;
 5314,365726,0,73;
 5314,365811,1,73;
 5314,9714,0,1 ><5315,2372,0,0;
 5315,13604,0,2;
 5315,19068,0,3;
 5315,24388,0,4;
 5315,29450,0,5;
 5315,34842,0,6;
 5315,40905,0,8;
 5315,46814,0,9;
 5315,52613,0,10;
 5315,58957,0,11;
 5315,64996,0,12;
 5315,71098,0,14;
 5315,74822,0,14;
 5315,78855,0,15;
 5315,83135,0,16;
 5315,87943,0,17;
 5315,92863,0,18;
 5315,97533,0,19;
 5315,102526,0,20;
 5315,107303,0,21;
 5315,112865,0,22;
 5315,116509,0,23;
 5315,119291,0,23;
 5315,123324,0,24;
 5315,126919,0,25;
 5315,130226,0,26;
 5315,133601,0,26;
 5315,136707,0,27;
 5315,140239,0,28;
 5315,143196,0,28;
 5315,146325,0,29;
 5315,150179,0,30;
 5315,155569,0,31;
 5315,161454,0,32;
 5315,165649,0,33;
 5315,171424,0,34;
 5315,176360,0,35;
 5315,182306,0,36;
 5315,187989,0,37;
 5315,193795,0,38;
 5315,198557,0,39;
 5315,203255,0,40;
 5315,208250,0,41;
 5315,214231,0,42;
 5315,219392,0,43;
 5315,223164,0,44;
 5315,227448,0,45;
 5315,231781,0,46;
 5315,235870,0,47;
 5315,239374,0,47;
 5315,242598,0,48;
 5315,247194,0,49;
 5315,251681,0,50;
 5315,255246,0,51;
 5315,258688,0,51;
 5315,261161,0,52;
 5315,262681,0,52;
 5315,265996,0,53;
 5315,268787,0,53;
 5315,272196,0,54;
 5315,273010,0,54;
 5315,275374,0,55;
 5315,279367,0,55;
 5315,282262,1,56;
 5315,11073,0,2;
 5315,14066,0,2;
 5315,17479,0,3;
 5315,19751,0,3;
 5315,20977,0,4;
 5315,21697,0,4;
 5315,23363,0,4;
 5315,26981,0,5;
 5315,30867,0,6;
 5315,35183,0,7;
 5315,38901,0,7;
 5315,41203,0,8;
 5315,43885,0,8;
 5315,44566,0,8;
 5315,46584,0,9;
 5315,48136,0,9;
 5315,50506,0,10;
 5315,52927,0,10;
 5315,55645,0,11;
 5315,58738,0,11;
 5315,60860,0,12;
 5315,63136,0,12;
 5315,65285,0,13;
 5315,67129,0,13;
 5315,69178,0,13;
 5315,71369,0,14;
 5315,73310,0,14;
 5315,75497,0,15;
 5315,77157,0,15;
 5315,80508,0,16;
 5315,83202,0,16;
 5315,85472,0,17;
 5315,88135,0,17;
 5315,90313,0,18;
 5315,92106,0,18;
 5315,94884,0,18;
 5315,97085,0,19;
 5315,99583,0,19;
 5315,101246,0,20;
 5315,103320,0,20;
 5315,105491,0,21;
 5315,107875,0,21;
 5315,110180,0,22;
 5315,112924,0,22;
 5315,114902,0,22;
 5315,117257,0,23;
 5315,119040,0,23;
 5315,121130,0,24;
 5315,123328,0,24;
 5315,124729,0,24;
 5315,127319,0,25;
 5315,129379,0,25 ><5316,2487,0,0;
 5316,11660,0,2;
 5316,15498,0,3;
 5316,20069,0,4;
 5316,24395,0,4;
 5316,28369,0,5;
 5316,33143,0,6;
 5316,37608,0,7;
 5316,42295,0,8;
 5316,47933,0,9;
 5316,53880,0,10;
 5316,59851,0,11;
 5316,62573,0,12;
 5316,66707,0,13;
 5316,71273,0,14;
 5316,75348,0,15;
 5316,80419,0,16;
 5316,84894,0,16;
 5316,89918,0,17;
 5316,94468,0,18;
 5316,98670,0,19;
 5316,103144,0,20;
 5316,107773,0,21;
 5316,111627,0,22;
 5316,116528,0,23;
 5316,120709,0,24;
 5316,124953,1,24;
 5316,8090,0,1;
 5316,11151,0,2;
 5316,14217,0,2;
 5316,17344,0,3;
 5316,20681,0,4;
 5316,23616,0,4;
 5316,26476,0,5;
 5316,29997,0,5;
 5316,33607,0,6;
 5316,39729,0,7;
 5316,45414,0,9;
 5316,51543,0,10;
 5316,57129,0,11;
 5316,62216,0,12;
 5316,66570,0,13;
 5316,71103,0,14;
 5316,76717,0,15;
 5316,81983,0,16;
 5316,86572,0,17;
 5316,90385,0,18;
 5316,94651,0,18;
 5316,98237,0,19;
 5316,103000,0,20;
 5316,106541,0,21;
 5316,110559,0,22;
 5316,114263,0,22;
 5316,117358,0,23;
 5316,121669,0,24;
 5316,124324,0,24;
 5316,125319,0,25;
 5316,128220,0,25;
 5316,131016,0,26;
 5316,132286,0,26;
 5316,135211,0,27;
 5316,138130,0,27;
 5316,140571,0,28;
 5316,143927,0,28;
 5316,146488,0,29;
 5316,148806,0,29;
 5316,150144,0,30;
 5316,151995,0,30;
 5316,154362,0,30;
 5316,156525,0,31;
 5316,159100,0,31;
 5316,162408,0,32;
 5316,163961,0,32;
 5316,166172,0,33;
 5316,167648,0,33;
 5316,168858,0,33;
 5316,170128,0,34;
 5316,170128,0,34;
 5316,171285,0,34;
 5316,172902,1,34;
 5316,2287,0,0;
 5316,4681,0,0;
 5316,6768,0,1;
 5316,8477,0,1;
 5316,9230,0,1;
 5316,11251,0,2;
 5316,14505,0,2;
 5316,16026,0,3;
 5316,18562,0,3;
 5316,20531,0,4;
 5316,23368,0,4;
 5316,25756,0,5;
 5316,28008,0,5;
 5316,30004,0,6;
 5316,31051,0,6;
 5316,32123,0,6;
 5316,34124,0,6;
 5316,35884,0,7;
 5316,37355,0,7;
 5316,38823,0,7;
 5316,42360,0,8;
 5316,43927,0,8;
 5316,45550,0,9;
 5316,47317,0,9;
 5316,47930,0,9;
 5316,51232,0,10;
 5316,52820,0,10;
 5316,54864,0,10;
 5316,57201,0,11;
 5316,59786,0,11;
 5316,60775,0,12;
 5316,62208,0,12;
 5316,63966,0,12;
 5316,65128,0,13;
 5316,66883,0,13;
 5316,69164,0,13 ><5317,1954,0,0;
 5317,13579,0,2;
 5317,17056,0,3;
 5317,21365,0,4;
 5317,25807,0,5;
 5317,29375,0,5;
 5317,34463,0,6;
 5317,38932,0,7;
 5317,43930,0,8;
 5317,48757,0,9;
 5317,53809,0,10;
 5317,58877,0,11;
 5317,63720,0,12;
 5317,68805,0,13;
 5317,73835,0,14;
 5317,79124,0,15;
 5317,84381,0,16;
 5317,88799,0,17;
 5317,93368,0,18;
 5317,98382,0,19;
 5317,103661,0,20;
 5317,109105,0,21;
 5317,115267,0,23;
 5317,120067,0,24;
 5317,125062,0,25;
 5317,129267,0,25;
 5317,134291,0,26;
 5317,137171,0,27;
 5317,141608,0,28;
 5317,145252,0,29;
 5317,150168,0,30;
 5317,154064,0,30;
 5317,158408,0,31;
 5317,162925,0,32;
 5317,165504,0,33;
 5317,169797,0,33;
 5317,175410,0,35;
 5317,180488,0,36;
 5317,185493,0,37;
 5317,190774,0,38;
 5317,195182,0,39;
 5317,199920,0,39;
 5317,203543,0,40;
 5317,207505,0,41;
 5317,210799,0,42;
 5317,213997,0,42;
 5317,216169,0,43;
 5317,218751,0,43;
 5317,222716,0,44;
 5317,225129,0,45;
 5317,228060,0,45;
 5317,232205,0,46;
 5317,235089,0,47;
 5317,240103,0,48;
 5317,244428,0,48;
 5317,247432,0,49;
 5317,248630,0,49;
 5317,251383,0,50;
 5317,254152,0,50;
 5317,256560,0,51;
 5317,259255,0,51;
 5317,261729,0,52;
 5317,265042,0,53;
 5317,267542,0,53;
 5317,270864,0,54;
 5317,273874,0,54;
 5317,277060,0,55;
 5317,280504,0,56;
 5317,283962,0,56;
 5317,288414,0,57;
 5317,290363,0,58;
 5317,290363,0,58;
 5317,291402,0,58;
 5317,297189,0,59;
 5317,299281,0,59;
 5317,300744,1,60;
 5317,10785,0,2;
 5317,12163,0,2;
 5317,12963,0,2;
 5317,15227,0,3;
 5317,16841,0,3;
 5317,19926,0,3;
 5317,22311,0,4;
 5317,24938,0,4;
 5317,27811,0,5;
 5317,30427,0,6;
 5317,33383,0,6;
 5317,34713,0,6;
 5317,36513,0,7;
 5317,38259,0,7;
 5317,40434,0,8;
 5317,42248,0,8;
 5317,43665,0,8;
 5317,45932,0,9;
 5317,47963,0,9;
 5317,50226,0,10;
 5317,52402,0,10;
 5317,54193,0,10;
 5317,56078,0,11;
 5317,58244,0,11;
 5317,60501,0,12;
 5317,62063,0,12;
 5317,64199,0,12;
 5317,66447,0,13;
 5317,68253,0,13;
 5317,71288,0,14;
 5317,73289,0,14;
 5317,75194,0,15;
 5317,76638,0,15;
 5317,79126,0,15;
 5317,80870,0,16;
 5317,82705,0,16;
 5317,85211,0,17;
 5317,86784,0,17;
 5317,89703,0,17;
 5317,91786,0,18 ><5318,741,0,0;
 5318,9059,0,1;
 5318,14100,0,2;
 5318,18918,0,3;
 5318,23108,0,4;
 5318,27409,0,5;
 5318,31460,0,6;
 5318,36282,0,7;
 5318,40469,0,8;
 5318,45028,0,9;
 5318,49282,0,9;
 5318,54088,0,10;
 5318,58250,0,11;
 5318,62577,0,12;
 5318,67105,0,13;
 5318,70757,0,14;
 5318,74287,0,14;
 5318,78173,0,15;
 5318,81856,0,16;
 5318,85345,0,17;
 5318,89024,0,17;
 5318,92732,0,18;
 5318,96956,0,19;
 5318,100861,0,20;
 5318,105204,0,21;
 5318,109920,0,21;
 5318,114296,0,22;
 5318,118750,0,23;
 5318,123171,0,24;
 5318,127795,0,25;
 5318,133401,0,26;
 5318,137506,0,27;
 5318,142381,0,28;
 5318,147445,0,29;
 5318,151890,0,30;
 5318,157347,0,31;
 5318,161800,0,32;
 5318,167325,0,33;
 5318,172730,0,34;
 5318,177300,0,35;
 5318,182394,0,36;
 5318,186273,0,37;
 5318,191378,0,38;
 5318,195036,0,39;
 5318,198876,0,39;
 5318,202036,0,40;
 5318,205598,0,41;
 5318,209191,0,41;
 5318,212708,0,42;
 5318,216994,0,43;
 5318,219988,0,43;
 5318,223894,0,44;
 5318,227939,0,45;
 5318,231862,0,46;
 5318,235494,0,47;
 5318,238751,0,47;
 5318,240482,0,48;
 5318,243877,0,48;
 5318,247293,0,49;
 5318,250491,0,50;
 5318,253697,0,50;
 5318,256868,0,51;
 5318,259408,0,51;
 5318,261696,0,52;
 5318,264129,0,52;
 5318,267258,0,53;
 5318,270593,0,54;
 5318,273600,0,54;
 5318,277238,0,55;
 5318,280621,0,56;
 5318,283192,0,56;
 5318,286260,0,57;
 5318,289632,0,57;
 5318,291994,0,58;
 5318,296389,0,59;
 5318,300008,0,60;
 5318,303768,0,60;
 5318,305156,0,61;
 5318,308048,0,61;
 5318,310209,0,62;
 5318,312403,0,62;
 5318,315106,0,63;
 5318,317748,0,63;
 5318,320199,0,64;
 5318,322913,0,64;
 5318,325324,0,65;
 5318,327702,0,65;
 5318,329394,0,65;
 5318,331127,0,66;
 5318,333010,0,66;
 5318,335548,0,67;
 5318,337265,0,67;
 5318,339444,0,67;
 5318,341496,0,68;
 5318,342999,0,68;
 5318,344936,0,68;
 5318,346843,0,69;
 5318,348267,0,69;
 5318,349580,0,69;
 5318,351927,0,70;
 5318,355404,0,71;
 5318,356449,0,71;
 5318,358813,0,71;
 5318,359895,0,71;
 5318,361830,0,72;
 5318,363006,0,72;
 5318,365027,1,73;
 5318,3508,0,0;
 5318,6079,0,1;
 5318,8691,0,1;
 5318,12393,0,2;
 5318,13382,0,2;
 5318,16512,0,3;
 5318,19269,0,3;
 5318,21627,0,4;
 5318,23953,0,4 ><5319,1462,0,0;
 5319,7143,0,1;
 5319,8677,0,1;
 5319,10942,0,2;
 5319,12787,0,2;
 5319,14576,0,2;
 5319,17044,0,3;
 5319,18927,0,3;
 5319,21015,0,4;
 5319,22165,0,4;
 5319,22229,0,4;
 5319,22498,0,4;
 5319,25011,0,5;
 5319,27881,0,5;
 5319,31338,0,6;
 5319,34405,0,6;
 5319,37745,0,7;
 5319,40739,0,8;
 5319,44294,0,8;
 5319,47703,0,9;
 5319,51193,0,10;
 5319,54070,0,10;
 5319,55620,0,11;
 5319,57681,0,11;
 5319,61760,0,12;
 5319,65492,0,13;
 5319,67959,0,13;
 5319,71505,0,14;
 5319,75691,0,15;
 5319,80633,0,16;
 5319,85804,0,17;
 5319,90162,0,18;
 5319,95599,0,19;
 5319,100732,0,20;
 5319,105872,0,21;
 5319,111139,0,22;
 5319,115703,0,23;
 5319,121305,0,24;
 5319,126458,0,25;
 5319,130281,0,26;
 5319,135341,0,27;
 5319,140574,0,28;
 5319,146848,0,29;
 5319,150559,0,30;
 5319,153515,0,30;
 5319,155969,0,31;
 5319,158592,0,31;
 5319,160576,0,32;
 5319,164449,0,32;
 5319,169124,0,33;
 5319,172036,0,34;
 5319,176071,0,35;
 5319,180947,0,36;
 5319,185301,0,37;
 5319,189183,0,37;
 5319,192129,0,38;
 5319,193151,0,38;
 5319,196272,0,39;
 5319,198857,0,39;
 5319,201845,0,40;
 5319,204330,0,40;
 5319,207077,0,41;
 5319,209426,0,41;
 5319,211207,0,42;
 5319,211544,0,42;
 5319,211544,0,42;
 5319,212915,0,42;
 5319,216106,1,43;
 5319,9045,0,1;
 5319,12557,0,2;
 5319,15578,0,3;
 5319,18742,0,3;
 5319,20859,0,4;
 5319,24374,0,4;
 5319,27836,0,5;
 5319,27836,0,5;
 5319,27836,0,5;
 5319,27836,0,5;
 5319,27836,0,5;
 5319,27944,0,5;
 5319,30194,0,6;
 5319,33598,0,6;
 5319,36190,0,7;
 5319,38824,0,7;
 5319,40306,0,8;
 5319,41818,0,8;
 5319,44220,0,8;
 5319,45750,0,9;
 5319,47842,0,9;
 5319,49447,0,9;
 5319,51821,0,10;
 5319,53388,0,10;
 5319,54945,0,10;
 5319,57373,0,11;
 5319,59504,0,11;
 5319,60551,0,12;
 5319,62891,0,12;
 5319,64676,0,12;
 5319,66363,0,13;
 5319,68117,0,13;
 5319,69697,0,13;
 5319,71210,0,14;
 5319,72713,0,14;
 5319,74037,0,14;
 5319,75698,0,15;
 5319,78291,0,15;
 5319,80116,0,16;
 5319,81643,0,16;
 5319,83611,0,16;
 5319,85642,0,17;
 5319,86803,0,17;
 5319,88720,0,17;
 5319,91276,0,18;
 5319,93276,0,18;
 5319,95616,0,19;
 5319,97089,0,19 ><5320,1321,0,0;
 5320,6770,0,1;
 5320,8604,0,1;
 5320,11247,0,2;
 5320,13704,0,2;
 5320,16067,0,3;
 5320,18758,0,3;
 5320,21050,0,4;
 5320,23443,0,4;
 5320,26098,0,5;
 5320,29844,0,5;
 5320,33414,0,6;
 5320,37106,0,7;
 5320,39918,0,7;
 5320,41607,0,8;
 5320,43354,0,8;
 5320,46866,0,9;
 5320,49790,0,9;
 5320,52117,0,10;
 5320,54510,0,10;
 5320,56197,0,11;
 5320,60121,0,12;
 5320,64643,0,12;
 5320,69912,0,13;
 5320,71499,0,14;
 5320,75070,0,15;
 5320,77722,0,15;
 5320,81732,0,16;
 5320,84072,0,16;
 5320,87908,0,17;
 5320,91778,0,18;
 5320,95537,0,19;
 5320,98929,0,19;
 5320,103185,0,20;
 5320,106489,0,21;
 5320,110961,0,22;
 5320,115556,0,23;
 5320,119639,0,23;
 5320,124311,0,24;
 5320,128609,0,25;
 5320,131867,0,26;
 5320,135667,0,27;
 5320,139585,0,27;
 5320,144088,0,28;
 5320,148375,0,29;
 5320,150543,0,30;
 5320,153345,0,30;
 5320,155587,0,31;
 5320,159008,0,31;
 5320,161362,0,32;
 5320,166145,0,33;
 5320,169326,0,33;
 5320,173018,0,34;
 5320,177013,0,35;
 5320,181081,0,36;
 5320,184729,0,36;
 5320,186148,0,37;
 5320,189586,0,37;
 5320,192023,0,38;
 5320,194812,0,38;
 5320,197576,0,39;
 5320,201258,0,40;
 5320,203715,0,40;
 5320,206724,0,41;
 5320,209387,0,41;
 5320,211917,0,42;
 5320,215630,0,43;
 5320,218606,0,43;
 5320,222154,0,44;
 5320,224760,0,44;
 5320,227316,0,45;
 5320,229867,0,45;
 5320,232168,0,46;
 5320,234633,0,46;
 5320,238744,0,47;
 5320,241053,0,48;
 5320,245603,0,49;
 5320,247703,0,49;
 5320,250725,0,50;
 5320,254369,0,50;
 5320,258766,0,51;
 5320,262267,0,52;
 5320,265813,0,53;
 5320,267909,0,53;
 5320,270007,0,54;
 5320,273184,0,54;
 5320,276131,0,55;
 5320,277737,0,55;
 5320,279779,0,55;
 5320,281973,0,56;
 5320,284959,0,56;
 5320,286586,0,57;
 5320,288476,0,57;
 5320,290100,0,58;
 5320,291976,0,58;
 5320,293744,0,58;
 5320,295438,0,59;
 5320,297866,0,59;
 5320,300086,0,60;
 5320,302004,0,60;
 5320,303801,0,60;
 5320,305662,0,61;
 5320,307800,0,61;
 5320,309288,0,61;
 5320,311021,0,62;
 5320,313453,0,62;
 5320,314962,0,62;
 5320,317056,0,63;
 5320,318832,0,63;
 5320,321599,0,64;
 5320,323722,0,64;
 5320,324934,0,64;
 5320,326111,0,65;
 5320,327650,1,65;
 5320,4860,0,0;
 5320,7686,0,1 ><5321,1533,0,0;
 5321,6609,0,1;
 5321,8653,0,1;
 5321,10508,0,2;
 5321,13053,0,2;
 5321,14974,0,2;
 5321,17804,0,3;
 5321,20037,0,4;
 5321,22202,0,4;
 5321,24999,0,4;
 5321,26701,0,5;
 5321,28662,0,5;
 5321,31796,0,6;
 5321,35284,0,7;
 5321,38980,0,7;
 5321,42903,0,8;
 5321,47807,0,9;
 5321,51353,0,10;
 5321,55587,0,11;
 5321,59590,0,11;
 5321,63764,0,12;
 5321,69036,0,13;
 5321,74136,0,14;
 5321,80184,0,16;
 5321,83111,0,16;
 5321,87331,0,17;
 5321,89988,0,17;
 5321,93447,0,18;
 5321,96187,0,19;
 5321,98642,0,19;
 5321,102050,0,20;
 5321,105419,0,21;
 5321,109232,0,21;
 5321,112918,0,22;
 5321,116804,0,23;
 5321,120509,0,24;
 5321,125373,0,25;
 5321,131128,0,26;
 5321,135741,0,27;
 5321,139278,0,27;
 5321,142609,0,28;
 5321,145713,0,29;
 5321,149386,0,29;
 5321,153362,0,30;
 5321,156994,0,31;
 5321,158638,0,31;
 5321,160849,0,32;
 5321,164115,0,32;
 5321,167349,0,33;
 5321,169649,0,33;
 5321,172163,0,34;
 5321,174313,0,34;
 5321,177990,0,35;
 5321,182133,0,36;
 5321,186793,0,37;
 5321,189780,0,37;
 5321,191995,0,38;
 5321,195087,0,39;
 5321,197618,0,39;
 5321,200502,0,40;
 5321,202854,0,40;
 5321,206327,0,41;
 5321,208739,0,41;
 5321,210814,0,42;
 5321,213805,0,42;
 5321,216642,0,43;
 5321,219492,0,43;
 5321,223094,0,44;
 5321,225549,0,45;
 5321,228028,0,45;
 5321,231192,0,46;
 5321,233888,0,46;
 5321,236817,0,47;
 5321,239492,0,47;
 5321,242362,0,48;
 5321,244839,0,48;
 5321,247139,0,49;
 5321,248350,0,49;
 5321,250184,0,50;
 5321,252104,0,50;
 5321,253607,0,50;
 5321,255602,0,51;
 5321,257991,0,51;
 5321,260119,0,52;
 5321,261415,0,52;
 5321,263694,1,52;
 5321,3709,0,0;
 5321,5281,0,1;
 5321,7063,0,1;
 5321,8663,0,1;
 5321,10444,0,2;
 5321,12587,0,2;
 5321,14841,0,2;
 5321,17040,0,3;
 5321,18409,0,3;
 5321,19494,0,3;
 5321,21554,0,4;
 5321,23199,0,4;
 5321,23854,0,4;
 5321,25610,0,5;
 5321,27073,0,5;
 5321,29346,0,5;
 5321,31501,0,6;
 5321,33120,0,6;
 5321,34971,0,6;
 5321,36930,0,7;
 5321,38266,0,7;
 5321,41311,0,8;
 5321,43114,0,8;
 5321,44897,0,8;
 5321,46424,0,9;
 5321,47613,0,9;
 5321,50122,0,10;
 5321,51981,0,10;
 5321,53563,0,10;
 5321,55617,0,11 ><5322,921,0,0;
 5322,7380,0,1;
 5322,9509,0,1;
 5322,12449,0,2;
 5322,15030,0,3;
 5322,17567,0,3;
 5322,20419,0,4;
 5322,23425,0,4;
 5322,26063,0,5;
 5322,29057,0,5;
 5322,31858,0,6;
 5322,35011,0,7;
 5322,38298,0,7;
 5322,42973,0,8;
 5322,48342,0,9;
 5322,53361,0,10;
 5322,58000,0,11;
 5322,63326,0,12;
 5322,68019,0,13;
 5322,72163,0,14;
 5322,77576,0,15;
 5322,81747,0,16;
 5322,85699,0,17;
 5322,90670,0,18;
 5322,96056,0,19;
 5322,101515,0,20;
 5322,106027,0,21;
 5322,110898,0,22;
 5322,115422,0,23;
 5322,120017,0,24;
 5322,125627,0,25;
 5322,130309,0,26;
 5322,135134,0,27;
 5322,140190,0,28;
 5322,146374,0,29;
 5322,151662,0,30;
 5322,156640,0,31;
 5322,160979,0,32;
 5322,165467,0,33;
 5322,169230,0,33;
 5322,173818,0,34;
 5322,178431,0,35;
 5322,182599,0,36;
 5322,184702,0,36;
 5322,187544,0,37;
 5322,190909,0,38;
 5322,193437,0,38;
 5322,196746,0,39;
 5322,200053,0,40;
 5322,204059,0,40;
 5322,208609,0,41;
 5322,212935,0,42;
 5322,216414,0,43;
 5322,219515,0,43;
 5322,222824,0,44;
 5322,225627,0,45;
 5322,225627,0,45;
 5322,228398,0,45;
 5322,231795,0,46;
 5322,234723,0,46;
 5322,237075,0,47;
 5322,240524,0,48;
 5322,242977,0,48;
 5322,245695,0,49;
 5322,248734,0,49;
 5322,251728,0,50;
 5322,254883,0,50;
 5322,257666,0,51;
 5322,259747,0,51;
 5322,261897,0,52;
 5322,264295,0,52;
 5322,266550,0,53;
 5322,268799,0,53;
 5322,271280,0,54;
 5322,273582,0,54;
 5322,275410,0,55;
 5322,277701,0,55;
 5322,278786,0,55;
 5322,280512,0,56;
 5322,282238,0,56;
 5322,283863,0,56;
 5322,285417,0,57;
 5322,287180,0,57;
 5322,288830,0,57;
 5322,290854,0,58;
 5322,292272,0,58;
 5322,294246,0,58;
 5322,296149,0,59;
 5322,298262,0,59;
 5322,299216,0,59;
 5322,299216,0,59;
 5322,300464,1,60;
 5322,3556,0,0;
 5322,7144,0,1;
 5322,10981,0,2;
 5322,13802,0,2;
 5322,16758,0,3;
 5322,18438,0,3;
 5322,19403,0,3;
 5322,21689,0,4;
 5322,22251,0,4;
 5322,23617,0,4;
 5322,26276,0,5;
 5322,29055,0,5;
 5322,30814,0,6;
 5322,31565,0,6;
 5322,33826,0,6;
 5322,35495,0,7;
 5322,37401,0,7;
 5322,40638,0,8;
 5322,42510,0,8;
 5322,43688,0,8;
 5322,44594,0,8;
 5322,46059,0,9;
 5322,47941,0,9;
 5322,50274,0,10 ><5323,1364,0,0;
 5323,7081,0,1;
 5323,8946,0,1;
 5323,11514,0,2;
 5323,13806,0,2;
 5323,15936,0,3;
 5323,18488,0,3;
 5323,20990,0,4;
 5323,23276,0,4;
 5323,25572,0,5;
 5323,27732,0,5;
 5323,30169,0,6;
 5323,32928,0,6;
 5323,37959,0,7;
 5323,42912,0,8;
 5323,47538,0,9;
 5323,52043,0,10;
 5323,56658,0,11;
 5323,60778,0,12;
 5323,65315,0,13;
 5323,69885,0,13;
 5323,75412,0,15;
 5323,80115,0,16;
 5323,85585,0,17;
 5323,88414,0,17;
 5323,92102,0,18;
 5323,95807,0,19;
 5323,99454,0,19;
 5323,102874,0,20;
 5323,105901,0,21;
 5323,109147,0,21;
 5323,112673,0,22;
 5323,117718,0,23;
 5323,121654,0,24;
 5323,125079,0,25;
 5323,128292,0,25;
 5323,134104,0,26;
 5323,140651,0,28;
 5323,146430,0,29;
 5323,151448,0,30;
 5323,157076,0,31;
 5323,162068,0,32;
 5323,167428,0,33;
 5323,170956,0,34;
 5323,173884,0,34;
 5323,177277,0,35;
 5323,179565,0,35;
 5323,183133,0,36;
 5323,184472,0,36;
 5323,187757,0,37;
 5323,191021,0,38;
 5323,195176,0,39;
 5323,199252,0,39;
 5323,202914,0,40;
 5323,207049,0,41;
 5323,210225,0,42;
 5323,211623,0,42;
 5323,214406,0,42;
 5323,215405,0,43;
 5323,215405,0,43;
 5323,216825,0,43;
 5323,218500,0,43;
 5323,221518,0,44;
 5323,224162,0,44;
 5323,226440,0,45;
 5323,229030,0,45;
 5323,232176,0,46;
 5323,235287,0,47;
 5323,239119,0,47;
 5323,241988,0,48;
 5323,244618,0,48;
 5323,246943,0,49;
 5323,249878,0,49;
 5323,252694,0,50;
 5323,255943,0,51;
 5323,259487,0,51;
 5323,262551,0,52;
 5323,263857,0,52;
 5323,265438,0,53;
 5323,267536,0,53;
 5323,267579,0,53;
 5323,268202,0,53;
 5323,270300,0,54;
 5323,272512,1,54;
 5323,7223,0,1;
 5323,9215,0,1;
 5323,12098,0,2;
 5323,13668,0,2;
 5323,15748,0,3;
 5323,17574,0,3;
 5323,19437,0,3;
 5323,20752,0,4;
 5323,22263,0,4;
 5323,24041,0,4;
 5323,24800,0,4;
 5323,25650,0,5;
 5323,28258,0,5;
 5323,29762,0,5;
 5323,31046,0,6;
 5323,32794,0,6;
 5323,34743,0,6;
 5323,38006,0,7;
 5323,38103,0,7;
 5323,44409,0,8;
 5323,46533,0,9;
 5323,47514,0,9;
 5323,49447,0,9;
 5323,51764,0,10;
 5323,53696,0,10;
 5323,55340,0,11;
 5323,57616,0,11;
 5323,59446,0,11;
 5323,61537,0,12;
 5323,63735,0,12;
 5323,66185,0,13;
 5323,68373,0,13 ><5324,1277,0,0;
 5324,6620,0,1;
 5324,8730,0,1;
 5324,11215,0,2;
 5324,13429,0,2;
 5324,15276,0,3;
 5324,17840,0,3;
 5324,20108,0,4;
 5324,22403,0,4;
 5324,24934,0,4;
 5324,27237,0,5;
 5324,29509,0,5;
 5324,32440,0,6;
 5324,37632,0,7;
 5324,43018,0,8;
 5324,48215,0,9;
 5324,53639,0,10;
 5324,58881,0,11;
 5324,63504,0,12;
 5324,68860,0,13;
 5324,74720,0,14;
 5324,78803,0,15;
 5324,82133,0,16;
 5324,86435,0,17;
 5324,90263,0,18;
 5324,94490,0,18;
 5324,98380,0,19;
 5324,101506,0,20;
 5324,104884,0,20;
 5324,108052,0,21;
 5324,111232,0,22;
 5324,114881,0,22;
 5324,119034,0,23;
 5324,121706,0,24;
 5324,126251,0,25;
 5324,130369,0,26;
 5324,136154,0,27;
 5324,141746,0,28;
 5324,147732,0,29;
 5324,154070,0,30;
 5324,159399,0,31;
 5324,163791,0,32;
 5324,169258,0,33;
 5324,172919,0,34;
 5324,176035,0,35;
 5324,177361,0,35;
 5324,177481,0,35;
 5324,178442,0,35;
 5324,181834,0,36;
 5324,183838,0,36;
 5324,187139,0,37;
 5324,191605,0,38;
 5324,196022,0,39;
 5324,200093,0,40;
 5324,203850,0,40;
 5324,207053,0,41;
 5324,207962,0,41;
 5324,211541,0,42;
 5324,215283,0,43;
 5324,218858,0,43;
 5324,221074,0,44;
 5324,223785,0,44;
 5324,226460,0,45;
 5324,229215,0,45;
 5324,232247,0,46;
 5324,235386,0,47;
 5324,238936,0,47;
 5324,243137,0,48;
 5324,246774,0,49;
 5324,249720,0,49;
 5324,252084,0,50;
 5324,255027,0,51;
 5324,257610,0,51;
 5324,260013,0,52;
 5324,263293,0,52;
 5324,266498,0,53;
 5324,269888,0,53;
 5324,271312,0,54;
 5324,273935,0,54;
 5324,276175,0,55;
 5324,278775,0,55;
 5324,281419,0,56;
 5324,284986,0,56;
 5324,287475,0,57;
 5324,290124,0,58;
 5324,292586,0,58;
 5324,295107,0,59;
 5324,296188,0,59;
 5324,298506,0,59;
 5324,300889,0,60;
 5324,303106,0,60;
 5324,305199,0,61;
 5324,307339,0,61;
 5324,308607,0,61;
 5324,310823,0,62;
 5324,313810,0,62;
 5324,315626,0,63;
 5324,317011,0,63;
 5324,318861,0,63;
 5324,321873,0,64;
 5324,324087,0,64;
 5324,325261,0,65;
 5324,326818,0,65;
 5324,328400,0,65;
 5324,330107,0,66;
 5324,333350,0,66;
 5324,335555,0,67;
 5324,337773,0,67;
 5324,339291,0,67;
 5324,341130,0,68;
 5324,342565,0,68;
 5324,343587,0,68;
 5324,345185,0,69;
 5324,346164,0,69;
 5324,347344,0,69;
 5324,348475,0,69 ><5325,1106,0,0;
 5325,6407,0,1;
 5325,8679,0,1;
 5325,11445,0,2;
 5325,13921,0,2;
 5325,16558,0,3;
 5325,19537,0,3;
 5325,22275,0,4;
 5325,24451,0,4;
 5325,26478,0,5;
 5325,27948,0,5;
 5325,29627,0,5;
 5325,32625,0,6;
 5325,37829,0,7;
 5325,43122,0,8;
 5325,48619,0,9;
 5325,53726,0,10;
 5325,59019,0,11;
 5325,64543,0,12;
 5325,69679,0,13;
 5325,73384,0,14;
 5325,78759,0,15;
 5325,85281,0,17;
 5325,91183,0,18;
 5325,97588,0,19;
 5325,102873,0,20;
 5325,107577,0,21;
 5325,112771,0,22;
 5325,117677,0,23;
 5325,122702,0,24;
 5325,128873,0,25;
 5325,133893,0,26;
 5325,138997,0,27;
 5325,144074,0,28;
 5325,148395,0,29;
 5325,153571,0,30;
 5325,157600,0,31;
 5325,162267,0,32;
 5325,166355,0,33;
 5325,170223,0,34;
 5325,174395,0,34;
 5325,178214,0,35;
 5325,182697,0,36;
 5325,185590,0,37;
 5325,188581,0,37;
 5325,192165,0,38;
 5325,194939,0,38;
 5325,198391,0,39;
 5325,201827,0,40;
 5325,206398,0,41;
 5325,208398,0,41;
 5325,213438,0,42;
 5325,217202,0,43;
 5325,220167,0,44;
 5325,223022,0,44;
 5325,227324,0,45;
 5325,228970,0,45;
 5325,232811,0,46;
 5325,238147,0,47;
 5325,242757,0,48;
 5325,246631,0,49;
 5325,251096,0,50;
 5325,255338,0,51;
 5325,255869,0,51;
 5325,255991,0,51;
 5325,255991,0,51;
 5325,255991,0,51;
 5325,255991,0,51;
 5325,257735,0,51;
 5325,261214,0,52;
 5325,263615,0,52;
 5325,266667,0,53;
 5325,268824,0,53;
 5325,270472,0,54;
 5325,272831,0,54;
 5325,275779,0,55;
 5325,278661,1,55;
 5325,9470,0,1;
 5325,14142,0,2;
 5325,16275,0,3;
 5325,18474,0,3;
 5325,20668,0,4;
 5325,23481,0,4;
 5325,25722,0,5;
 5325,28290,0,5;
 5325,30964,0,6;
 5325,34826,0,6;
 5325,36281,0,7;
 5325,38704,0,7;
 5325,41069,0,8;
 5325,43255,0,8;
 5325,45377,0,9;
 5325,47589,0,9;
 5325,50454,0,10;
 5325,53558,0,10;
 5325,56030,0,11;
 5325,58052,0,11;
 5325,59590,0,11;
 5325,61444,0,12;
 5325,63936,0,12;
 5325,66369,0,13;
 5325,67605,0,13;
 5325,68742,0,13;
 5325,70133,0,14;
 5325,71964,0,14;
 5325,75201,0,15;
 5325,76870,0,15;
 5325,79695,0,15;
 5325,81617,0,16;
 5325,84390,0,16;
 5325,86786,0,17;
 5325,88952,0,17;
 5325,91418,0,18;
 5325,93226,0,18;
 5325,95374,0,19;
 5325,97925,0,19 ><5326,554,0,0;
 5326,6372,0,1;
 5326,8578,0,1;
 5326,11010,0,2;
 5326,13690,0,2;
 5326,16763,0,3;
 5326,19980,0,3;
 5326,23226,0,4;
 5326,26114,0,5;
 5326,27817,0,5;
 5326,27951,0,5;
 5326,28220,0,5;
 5326,30776,0,6;
 5326,35152,0,7;
 5326,39983,0,7;
 5326,45213,0,9;
 5326,50048,0,10;
 5326,54167,0,10;
 5326,59679,0,11;
 5326,65040,0,13;
 5326,69928,0,13;
 5326,75191,0,15;
 5326,80198,0,16;
 5326,85956,0,17;
 5326,91537,0,18;
 5326,95842,0,19;
 5326,99059,0,19;
 5326,103472,0,20;
 5326,106818,0,21;
 5326,111058,0,22;
 5326,115056,0,23;
 5326,119996,0,23;
 5326,125259,0,25;
 5326,129468,0,25;
 5326,133805,0,26;
 5326,137869,0,27;
 5326,142797,0,28;
 5326,148675,0,29;
 5326,152188,0,30;
 5326,157460,0,31;
 5326,163641,0,32;
 5326,168155,0,33;
 5326,173637,0,34;
 5326,177952,0,35;
 5326,182432,0,36;
 5326,184126,0,36;
 5326,186644,0,37;
 5326,188956,0,37;
 5326,192347,0,38;
 5326,195763,0,39;
 5326,199124,0,39;
 5326,199124,0,39;
 5326,199124,0,39;
 5326,202120,0,40;
 5326,205220,0,41;
 5326,208307,0,41;
 5326,209535,0,41;
 5326,212137,0,42;
 5326,214756,0,42;
 5326,217866,0,43;
 5326,220972,0,44;
 5326,224128,0,44;
 5326,227226,0,45;
 5326,230509,0,46;
 5326,233775,0,46;
 5326,236881,0,47;
 5326,239727,0,47;
 5326,244051,0,48;
 5326,247214,0,49;
 5326,249950,0,49;
 5326,252282,0,50;
 5326,254545,0,50;
 5326,256621,0,51;
 5326,259691,0,51;
 5326,261502,0,52;
 5326,263239,0,52;
 5326,265317,0,53;
 5326,266945,0,53;
 5326,269492,1,53;
 5326,6649,0,1;
 5326,8854,0,1;
 5326,11486,0,2;
 5326,13057,0,2;
 5326,15971,0,3;
 5326,18242,0,3;
 5326,20570,0,4;
 5326,23256,0,4;
 5326,25173,0,5;
 5326,27596,0,5;
 5326,30001,0,6;
 5326,32377,0,6;
 5326,34594,0,6;
 5326,36269,0,7;
 5326,38467,0,7;
 5326,41430,0,8;
 5326,44232,0,8;
 5326,46792,0,9;
 5326,48628,0,9;
 5326,50171,0,10;
 5326,52055,0,10;
 5326,56133,0,11;
 5326,57722,0,11;
 5326,59770,0,11;
 5326,61056,0,12;
 5326,62551,0,12;
 5326,64238,0,12;
 5326,66637,0,13;
 5326,69205,0,13;
 5326,71466,0,14;
 5326,74161,0,14;
 5326,76850,0,15;
 5326,79510,0,15;
 5326,81413,0,16;
 5326,83221,0,16;
 5326,85343,0,17;
 5326,87257,0,17 ><5327,463,0,0;
 5327,3163,0,0;
 5327,4987,0,0;
 5327,7882,0,1;
 5327,10654,0,2;
 5327,12065,0,2;
 5327,13603,0,2;
 5327,15158,0,3;
 5327,16445,0,3;
 5327,17355,0,3;
 5327,19423,0,3;
 5327,19423,0,3;
 5327,21831,0,4;
 5327,25938,0,5;
 5327,31050,0,6;
 5327,36085,0,7;
 5327,40050,0,8;
 5327,44737,0,8;
 5327,49672,0,9;
 5327,54218,0,10;
 5327,59478,0,11;
 5327,63168,0,12;
 5327,67077,0,13;
 5327,71450,0,14;
 5327,75397,0,15;
 5327,79725,0,15;
 5327,83962,0,16;
 5327,88473,0,17;
 5327,92992,0,18;
 5327,96094,0,19;
 5327,99368,0,19;
 5327,103009,0,20;
 5327,106475,0,21;
 5327,109800,0,21;
 5327,113474,0,22;
 5327,117101,0,23;
 5327,122942,0,24;
 5327,128830,0,25;
 5327,134472,0,26;
 5327,139156,0,27;
 5327,143835,0,28;
 5327,148714,0,29;
 5327,154394,0,30;
 5327,159387,0,31;
 5327,165179,0,33;
 5327,169642,0,33;
 5327,172703,0,34;
 5327,175634,0,35;
 5327,179820,0,35;
 5327,185768,0,37;
 5327,189069,0,37;
 5327,192747,0,38;
 5327,197018,0,39;
 5327,201034,0,40;
 5327,205432,0,41;
 5327,207815,0,41;
 5327,208448,0,41;
 5327,211167,0,42;
 5327,214484,0,42;
 5327,217484,0,43;
 5327,219727,0,43;
 5327,221793,0,44;
 5327,223907,0,44;
 5327,226915,0,45;
 5327,229233,0,45;
 5327,232415,0,46;
 5327,235145,0,47;
 5327,238859,0,47;
 5327,244342,0,48;
 5327,249319,0,49;
 5327,254052,0,50;
 5327,257242,0,51;
 5327,261620,0,52;
 5327,265183,0,53;
 5327,268061,0,53;
 5327,269923,0,53;
 5327,272171,0,54;
 5327,273541,0,54;
 5327,275479,0,55;
 5327,278122,0,55;
 5327,280101,0,56;
 5327,282940,0,56;
 5327,285751,0,57;
 5327,287751,0,57;
 5327,289668,0,57;
 5327,289810,0,57;
 5327,291082,0,58;
 5327,292634,0,58;
 5327,294518,0,58;
 5327,296789,0,59;
 5327,298724,0,59;
 5327,300543,0,60;
 5327,301746,0,60;
 5327,303137,0,60;
 5327,306826,0,61;
 5327,309174,0,61;
 5327,311269,0,62;
 5327,313179,0,62;
 5327,314750,0,62;
 5327,316015,0,63;
 5327,318046,0,63;
 5327,320282,0,64;
 5327,323034,0,64;
 5327,324720,0,64;
 5327,326387,0,65;
 5327,328975,0,65;
 5327,331401,0,66;
 5327,333903,0,66;
 5327,336111,0,67;
 5327,339009,0,67;
 5327,341059,0,68;
 5327,343533,0,68;
 5327,346155,0,69;
 5327,348400,0,69;
 5327,350399,0,70;
 5327,352450,0,70 ><5328,1325,0,0;
 5328,5183,0,1;
 5328,7667,0,1;
 5328,9217,0,1;
 5328,11352,0,2;
 5328,14436,0,2;
 5328,17978,0,3;
 5328,21375,0,4;
 5328,24537,0,4;
 5328,25597,0,5;
 5328,25749,0,5;
 5328,26734,0,5;
 5328,28492,0,5;
 5328,32050,0,6;
 5328,36392,0,7;
 5328,40564,0,8;
 5328,44537,0,8;
 5328,47911,0,9;
 5328,51637,0,10;
 5328,55359,0,11;
 5328,59125,0,11;
 5328,62636,0,12;
 5328,67019,0,13;
 5328,69749,0,13;
 5328,75155,0,15;
 5328,80297,0,16;
 5328,84269,0,16;
 5328,87645,0,17;
 5328,91967,0,18;
 5328,95512,0,19;
 5328,99608,0,19;
 5328,104003,0,20;
 5328,108426,0,21;
 5328,113393,0,22;
 5328,116269,0,23;
 5328,120806,0,24;
 5328,126500,0,25;
 5328,133099,0,26;
 5328,138345,0,27;
 5328,144089,0,28;
 5328,148973,0,29;
 5328,154844,0,30;
 5328,158442,0,31;
 5328,163239,0,32;
 5328,166585,0,33;
 5328,168203,0,33;
 5328,170189,0,34;
 5328,171606,0,34;
 5328,175054,0,35;
 5328,177942,0,35;
 5328,181006,0,36;
 5328,184713,0,36;
 5328,188336,0,37;
 5328,193093,0,38;
 5328,197679,0,39;
 5328,200456,0,40;
 5328,202027,0,40;
 5328,204928,0,40;
 5328,208110,0,41;
 5328,211458,0,42;
 5328,214124,0,42;
 5328,217564,0,43;
 5328,220150,0,44;
 5328,222690,0,44;
 5328,225791,0,45;
 5328,228649,0,45;
 5328,231704,0,46;
 5328,234351,0,46;
 5328,236490,0,47;
 5328,238419,0,47;
 5328,240950,0,48;
 5328,243517,0,48;
 5328,245296,0,49;
 5328,248551,0,49;
 5328,251398,0,50;
 5328,254134,0,50;
 5328,256775,0,51;
 5328,257793,0,51;
 5328,260236,0,52;
 5328,262989,0,52;
 5328,265818,0,53;
 5328,268341,0,53;
 5328,271549,0,54;
 5328,273769,0,54;
 5328,275617,0,55;
 5328,278234,0,55;
 5328,280194,0,56;
 5328,281082,0,56;
 5328,283417,0,56;
 5328,285657,1,57;
 5328,7076,0,1;
 5328,9502,0,1;
 5328,11842,0,2;
 5328,14499,0,2;
 5328,16548,0,3;
 5328,20419,0,4;
 5328,22701,0,4;
 5328,24826,0,4;
 5328,26338,0,5;
 5328,28433,0,5;
 5328,30812,0,6;
 5328,32437,0,6;
 5328,34478,0,6;
 5328,36407,0,7;
 5328,37605,0,7;
 5328,38932,0,7;
 5328,41300,0,8;
 5328,43969,0,8;
 5328,46062,0,9;
 5328,48675,0,9;
 5328,50176,0,10;
 5328,52488,0,10;
 5328,54922,0,10;
 5328,56898,0,11;
 5328,59122,0,11;
 5328,61649,0,12 ><5329,961,0,0;
 5329,5970,0,1;
 5329,7353,0,1;
 5329,11087,0,2;
 5329,14114,0,2;
 5329,16844,0,3;
 5329,19756,0,3;
 5329,23176,0,4;
 5329,25884,0,5;
 5329,27163,0,5;
 5329,27772,0,5;
 5329,27772,0,5;
 5329,30682,0,6;
 5329,32384,0,6;
 5329,34404,0,6;
 5329,36695,0,7;
 5329,39058,0,7;
 5329,41131,0,8;
 5329,42856,0,8;
 5329,45273,0,9;
 5329,49044,0,9;
 5329,53750,0,10;
 5329,58250,0,11;
 5329,62843,0,12;
 5329,66996,0,13;
 5329,72279,0,14;
 5329,76612,0,15;
 5329,81580,0,16;
 5329,86448,0,17;
 5329,89343,0,17;
 5329,94701,0,18;
 5329,100118,0,20;
 5329,105242,0,21;
 5329,109946,0,21;
 5329,114799,0,22;
 5329,119346,0,23;
 5329,125332,0,25;
 5329,130842,0,26;
 5329,136358,0,27;
 5329,142455,0,28;
 5329,146237,0,29;
 5329,152275,0,30;
 5329,158212,0,31;
 5329,161957,0,32;
 5329,167672,0,33;
 5329,171610,0,34;
 5329,175526,0,35;
 5329,179520,0,35;
 5329,183546,0,36;
 5329,187108,0,37;
 5329,190619,0,38;
 5329,194225,0,38;
 5329,198766,0,39;
 5329,202087,0,40;
 5329,206434,0,41;
 5329,209369,0,41;
 5329,210416,0,42;
 5329,213802,0,42;
 5329,217941,0,43;
 5329,221085,0,44;
 5329,223410,0,44;
 5329,226144,0,45;
 5329,229525,0,45;
 5329,232083,0,46;
 5329,235491,0,47;
 5329,238395,0,47;
 5329,241627,0,48;
 5329,244313,0,48;
 5329,246381,0,49;
 5329,250193,0,50;
 5329,252708,0,50;
 5329,254242,0,50;
 5329,255720,0,51;
 5329,256823,0,51;
 5329,258267,0,51;
 5329,260492,0,52;
 5329,263008,1,52;
 5329,7255,0,1;
 5329,10206,0,2;
 5329,12901,0,2;
 5329,15116,0,3;
 5329,15116,0,3;
 5329,15116,0,3;
 5329,15116,0,3;
 5329,16128,0,3;
 5329,18902,0,3;
 5329,22688,0,4;
 5329,24604,0,4;
 5329,27208,0,5;
 5329,29381,0,5;
 5329,29721,0,5;
 5329,32545,0,6;
 5329,34757,0,6;
 5329,36977,0,7;
 5329,39977,0,7;
 5329,42771,0,8;
 5329,44673,0,8;
 5329,45871,0,9;
 5329,47338,0,9;
 5329,50226,0,10;
 5329,51889,0,10;
 5329,53256,0,10;
 5329,55301,0,11;
 5329,57178,0,11;
 5329,59288,0,11;
 5329,62783,0,12;
 5329,63982,0,12;
 5329,65925,0,13;
 5329,67769,0,13;
 5329,69695,0,13;
 5329,71942,0,14;
 5329,74105,0,14;
 5329,76378,0,15;
 5329,78285,0,15;
 5329,80183,0,16;
 5329,82277,0,16 ><5330,1914,0,0;
 5330,6753,0,1;
 5330,7787,0,1;
 5330,10979,0,2;
 5330,13715,0,2;
 5330,16304,0,3;
 5330,19041,0,3;
 5330,21054,0,4;
 5330,23030,0,4;
 5330,24120,0,4;
 5330,25365,0,5;
 5330,27003,0,5;
 5330,29012,0,5;
 5330,33113,0,6;
 5330,37443,0,7;
 5330,40468,0,8;
 5330,44410,0,8;
 5330,47759,0,9;
 5330,52047,0,10;
 5330,55208,0,11;
 5330,57410,0,11;
 5330,58843,0,11;
 5330,60459,0,12;
 5330,63041,0,12;
 5330,64331,0,12;
 5330,65544,0,13;
 5330,66363,0,13;
 5330,68080,0,13;
 5330,69381,0,13;
 5330,71427,0,14;
 5330,73020,0,14;
 5330,74893,0,14;
 5330,76687,0,15;
 5330,78174,0,15;
 5330,79191,0,15;
 5330,81621,0,16;
 5330,87184,0,17;
 5330,93663,0,18;
 5330,98164,0,19;
 5330,103242,0,20;
 5330,108179,0,21;
 5330,113161,0,22;
 5330,119582,0,23;
 5330,125511,0,25;
 5330,129808,0,25;
 5330,134389,0,26;
 5330,139420,0,27;
 5330,143372,0,28;
 5330,146648,0,29;
 5330,151177,0,30;
 5330,154510,0,30;
 5330,157418,0,31;
 5330,161939,0,32;
 5330,166114,0,33;
 5330,170156,0,34;
 5330,173627,0,34;
 5330,174166,0,34;
 5330,176873,0,35;
 5330,179312,0,35;
 5330,183397,0,36;
 5330,185875,0,37;
 5330,188352,0,37;
 5330,190935,0,38;
 5330,193343,0,38;
 5330,195923,0,39;
 5330,198741,0,39;
 5330,200668,0,40;
 5330,204478,0,40;
 5330,206883,0,41;
 5330,210074,0,42;
 5330,213289,0,42;
 5330,216565,0,43;
 5330,219638,0,43;
 5330,222221,0,44;
 5330,225399,0,45;
 5330,227634,0,45;
 5330,230226,0,46;
 5330,231453,0,46;
 5330,233494,0,46;
 5330,235739,0,47;
 5330,238423,0,47;
 5330,240696,0,48;
 5330,243823,0,48;
 5330,245249,0,49;
 5330,247615,0,49;
 5330,249710,0,49;
 5330,252295,0,50;
 5330,254350,0,50;
 5330,256163,0,51;
 5330,258252,0,51;
 5330,259395,0,51;
 5330,261688,0,52;
 5330,263494,0,52;
 5330,265739,0,53;
 5330,266670,0,53;
 5330,269197,0,53;
 5330,271159,0,54;
 5330,273014,0,54;
 5330,274514,0,54;
 5330,276927,0,55;
 5330,279428,0,55;
 5330,281049,0,56;
 5330,282968,0,56;
 5330,284770,0,56;
 5330,286447,0,57;
 5330,289529,0,57;
 5330,292266,0,58;
 5330,294345,0,58;
 5330,296505,0,59;
 5330,298285,0,59;
 5330,300443,0,60;
 5330,302478,0,60;
 5330,305009,0,61;
 5330,306988,0,61;
 5330,308699,0,61;
 5330,310910,0,62 ><5331,1978,0,0;
 5331,5570,0,1;
 5331,8486,0,1;
 5331,11735,0,2;
 5331,13366,0,2;
 5331,14916,0,2;
 5331,16765,0,3;
 5331,18795,0,3;
 5331,20698,0,4;
 5331,23195,0,4;
 5331,26406,0,5;
 5331,29750,0,5;
 5331,32815,0,6;
 5331,37008,0,7;
 5331,42211,0,8;
 5331,47340,0,9;
 5331,52138,0,10;
 5331,56666,0,11;
 5331,61914,0,12;
 5331,65456,0,13;
 5331,70291,0,14;
 5331,75081,0,15;
 5331,78049,0,15;
 5331,82546,0,16;
 5331,86918,0,17;
 5331,91851,0,18;
 5331,96847,0,19;
 5331,100927,0,20;
 5331,105931,0,21;
 5331,109486,0,21;
 5331,113820,0,22;
 5331,118994,0,23;
 5331,123362,0,24;
 5331,127193,0,25;
 5331,131685,0,26;
 5331,136801,0,27;
 5331,142491,0,28;
 5331,148626,0,29;
 5331,154221,0,30;
 5331,160214,0,32;
 5331,165380,0,33;
 5331,169773,0,33;
 5331,174742,0,34;
 5331,177187,0,35;
 5331,181011,0,36;
 5331,184523,0,36;
 5331,186916,0,37;
 5331,189794,0,37;
 5331,192513,0,38;
 5331,194986,0,38;
 5331,199715,0,39;
 5331,204062,0,40;
 5331,207643,0,41;
 5331,211109,0,42;
 5331,216280,0,43;
 5331,218705,0,43;
 5331,219110,0,43;
 5331,221790,0,44;
 5331,224525,0,44;
 5331,227716,0,45;
 5331,230663,0,46;
 5331,233143,0,46;
 5331,236700,0,47;
 5331,239868,0,47;
 5331,242462,0,48;
 5331,246688,0,49;
 5331,249759,0,49;
 5331,253111,0,50;
 5331,255523,0,51;
 5331,257584,0,51;
 5331,260323,0,52;
 5331,263794,0,52;
 5331,266302,0,53;
 5331,268845,0,53;
 5331,271393,0,54;
 5331,275854,0,55;
 5331,278601,0,55;
 5331,279954,0,55;
 5331,282059,0,56;
 5331,283919,0,56;
 5331,286432,0,57;
 5331,289625,0,57;
 5331,292157,0,58;
 5331,294574,0,58;
 5331,297035,0,59;
 5331,299253,0,59;
 5331,301885,0,60;
 5331,303883,0,60;
 5331,306540,0,61;
 5331,308728,0,61;
 5331,310385,0,62;
 5331,312539,0,62;
 5331,314098,0,62;
 5331,316602,0,63;
 5331,319555,0,63;
 5331,322074,0,64;
 5331,324153,0,64;
 5331,325595,0,65;
 5331,327450,0,65;
 5331,329774,0,65;
 5331,332612,0,66;
 5331,334358,1,66;
 5331,2956,0,0;
 5331,5299,0,1;
 5331,7725,0,1;
 5331,9600,0,1;
 5331,12408,0,2;
 5331,15608,0,3;
 5331,18381,0,3;
 5331,21571,0,4;
 5331,24479,0,4;
 5331,27272,0,5;
 5331,30753,0,6;
 5331,33181,0,6;
 5331,35181,0,7;
 5331,37126,0,7 ><5332,432,0,0;
 5332,5527,0,1;
 5332,7298,0,1;
 5332,9206,0,1;
 5332,10963,0,2;
 5332,13368,0,2;
 5332,16223,0,3;
 5332,19257,0,3;
 5332,21697,0,4;
 5332,24464,0,4;
 5332,27144,0,5;
 5332,29955,0,5;
 5332,33372,0,6;
 5332,37657,0,7;
 5332,43094,0,8;
 5332,47837,0,9;
 5332,52209,0,10;
 5332,56062,0,11;
 5332,59972,0,11;
 5332,64158,0,12;
 5332,68264,0,13;
 5332,73335,0,14;
 5332,78417,0,15;
 5332,83547,0,16;
 5332,88523,0,17;
 5332,93003,0,18;
 5332,97610,0,19;
 5332,102384,0,20;
 5332,107681,0,21;
 5332,111923,0,22;
 5332,117333,0,23;
 5332,121281,0,24;
 5332,125817,0,25;
 5332,129855,0,25;
 5332,134839,0,26;
 5332,139450,0,27;
 5332,144326,0,28;
 5332,149035,0,29;
 5332,153326,0,30;
 5332,158641,0,31;
 5332,163052,0,32;
 5332,167918,0,33;
 5332,173057,0,34;
 5332,176899,0,35;
 5332,181788,0,36;
 5332,185368,1,37;
 5332,11851,0,2;
 5332,15243,0,3;
 5332,18891,0,3;
 5332,22016,0,4;
 5332,25561,0,5;
 5332,29220,0,5;
 5332,33314,0,6;
 5332,37059,0,7;
 5332,41595,0,8;
 5332,45733,0,9;
 5332,46771,0,9;
 5332,49980,0,9;
 5332,52724,0,10;
 5332,55042,0,11;
 5332,57828,0,11;
 5332,60407,0,12;
 5332,62945,0,12;
 5332,65242,0,13;
 5332,68467,0,13;
 5332,71638,0,14;
 5332,74556,0,14;
 5332,75481,0,15;
 5332,76999,0,15;
 5332,78639,0,15;
 5332,80177,0,16;
 5332,81420,0,16;
 5332,82338,0,16;
 5332,84929,0,16;
 5332,87752,0,17;
 5332,89761,0,17;
 5332,92163,0,18;
 5332,93807,0,18;
 5332,96539,0,19;
 5332,99301,0,19;
 5332,102605,0,20;
 5332,105053,0,21;
 5332,107565,0,21;
 5332,110030,0,22;
 5332,112186,0,22;
 5332,114575,0,22;
 5332,117102,0,23;
 5332,118845,0,23;
 5332,121194,0,24;
 5332,123160,0,24;
 5332,125031,0,25;
 5332,127412,0,25;
 5332,128606,0,25;
 5332,130639,0,26;
 5332,132357,0,26;
 5332,134457,0,26;
 5332,136275,0,27;
 5332,137957,0,27;
 5332,139780,0,27;
 5332,142802,0,28;
 5332,146721,0,29;
 5332,148375,0,29;
 5332,150696,0,30;
 5332,152696,0,30;
 5332,153972,0,30;
 5332,157254,0,31;
 5332,159282,0,31;
 5332,162135,0,32;
 5332,164121,0,32;
 5332,166831,0,33;
 5332,168848,0,33;
 5332,171336,0,34;
 5332,173604,0,34;
 5332,175490,0,35;
 5332,177928,0,35;
 5332,180159,0,36 ><5333,871,0,0;
 5333,4733,0,0;
 5333,6786,0,1;
 5333,10061,0,2;
 5333,12544,0,2;
 5333,14259,0,2;
 5333,16174,0,3;
 5333,17339,0,3;
 5333,18307,0,3;
 5333,19741,0,3;
 5333,22418,0,4;
 5333,26267,0,5;
 5333,28409,0,5;
 5333,32314,0,6;
 5333,35709,0,7;
 5333,39692,0,7;
 5333,43677,0,8;
 5333,47239,0,9;
 5333,52644,0,10;
 5333,57502,0,11;
 5333,62382,0,12;
 5333,67428,0,13;
 5333,72655,0,14;
 5333,76831,0,15;
 5333,81968,0,16;
 5333,85994,0,17;
 5333,89622,0,17;
 5333,94072,0,18;
 5333,98802,0,19;
 5333,102980,0,20;
 5333,107346,0,21;
 5333,111887,0,22;
 5333,116152,0,23;
 5333,120743,0,24;
 5333,125271,0,25;
 5333,129739,0,25;
 5333,134555,0,26;
 5333,138427,0,27;
 5333,142761,0,28;
 5333,147064,0,29;
 5333,151198,0,30;
 5333,155523,0,31;
 5333,160049,0,32;
 5333,164913,0,32;
 5333,169141,0,33;
 5333,172869,0,34;
 5333,176193,0,35;
 5333,179795,0,35;
 5333,183497,0,36;
 5333,186369,0,37;
 5333,191011,0,38;
 5333,194568,0,38;
 5333,198995,0,39;
 5333,202349,0,40;
 5333,206107,0,41;
 5333,209805,0,41;
 5333,211413,0,42;
 5333,214325,0,42;
 5333,217415,0,43;
 5333,220441,0,44;
 5333,223064,0,44;
 5333,225937,0,45;
 5333,229843,0,45;
 5333,232663,0,46;
 5333,234733,0,46;
 5333,237944,0,47;
 5333,241209,0,48;
 5333,244556,0,48;
 5333,247625,0,49;
 5333,250797,0,50;
 5333,254621,0,50;
 5333,256660,0,51;
 5333,258418,0,51;
 5333,261244,0,52;
 5333,263580,0,52;
 5333,265585,0,53;
 5333,268426,0,53;
 5333,269827,0,53;
 5333,272309,0,54;
 5333,274924,0,54;
 5333,276850,0,55;
 5333,279666,0,55;
 5333,283373,0,56;
 5333,285283,0,57;
 5333,287714,0,57;
 5333,291122,0,58;
 5333,293231,0,58;
 5333,294981,0,58;
 5333,296976,0,59;
 5333,298834,0,59;
 5333,300985,0,60;
 5333,302424,0,60;
 5333,304303,0,60;
 5333,307049,0,61;
 5333,309438,0,61;
 5333,311478,0,62;
 5333,314037,0,62;
 5333,316610,0,63;
 5333,318358,0,63;
 5333,320534,0,64;
 5333,321981,0,64;
 5333,324017,0,64;
 5333,326262,0,65;
 5333,327711,0,65;
 5333,329694,0,65;
 5333,332002,0,66;
 5333,334496,0,66;
 5333,336212,0,67;
 5333,337879,0,67;
 5333,339786,0,67;
 5333,341331,0,68;
 5333,342004,0,68;
 5333,343654,0,68;
 5333,345631,0,69;
 5333,347549,0,69;
 5333,347549,0,69 >