Output of A&M2002
---------------------------
-------------------- DP Model Summary ------------------------
STATE VARIABLES
              |eps   |eta |theta -clock        |gamma
              s11    s21      x      t     t'      r      f
       s.N      1      1     90      1      1      1      1


Transition Categories (not counting fixed)
                 NonRandom       Random   Coevolving
     #Vars               0            1            2

Size of Spaces
                           N
        Exogenous          1
    SemiExogenous          1
       Endogenous         90
            Times          1
    EV()Iterating         90
    Ch.Prob.track         90
    TotalReachable        90
         Terminal          0
     Random Groups         1
     Fixed Groups          1
    TotalUntrimmed        90

ACTION VARIABLES (2 distinct actions)
             d
    i.N      2


ACTION SETS
    alpha       A[0]   
    (0)           X    
    (1)           X    
#States          90
    Key: X = row vector is feasible. - = infeasible
 FPanel Simulation time: 34.9

Added to the observed list: x d Observed Finished.
89 -0.810996
88 -0.757935
87 -0.483822
86 0.0339444
85 0.323775
84 0.42893
83 0.431161
82 0.297231
81 0.0490392
80 -0.145167
79 -0.143785
78 0.0427733
77 0.270487
76 0.414377
75 0.447454
74 0.430045
73 0.427209
72 0.435633
71 0.41557
70 0.331557
69 0.193405
68 0.144425
67 0.231621
66 0.312194
65 0.355573
64 0.388389
63 0.412852
62 0.424692
61 0.430349
60 0.444536
59 0.47006
58 0.480408
57 0.457754
56 0.42868
55 0.438207
54 0.473932
53 0.491408
52 0.481019
51 0.470241
50 0.479782
49 0.493867
48 0.499409
47 0.501935
46 0.497204
45 0.479701
44 0.472906
43 0.499749
42 0.536158
41 0.555283
40 0.563344
39 0.569362
38 0.564542
37 0.540708
36 0.520611
35 0.532052
34 0.558466
33 0.578869
32 0.592355
31 0.598064
30 0.594086
29 0.587176
28 0.590046
27 0.603122
26 0.613335
25 0.612519
24 0.599477
23 0.585764
22 0.59062
21 0.610117
20 0.626958
19 0.635216
18 0.637964
17 0.636292
16 0.629703
15 0.62541
14 0.631822
13 0.64414
12 0.651789
11 0.655089
10 0.657398
9 0.659677
8 0.661977
7 0.66428
6 0.666583
5 0.668886
4 0.671189
3 0.673492
2 0.675795
1 0.678098
0 0.680401
past reset

      0.68040      0.67810      0.67579      0.67349      0.67119      0.66889      0.66658      0.66428      0.66198      0.65968      0.65740      0.65509      0.65179      0.64414      0.63182      0.62541      0.62970      0.63629      0.63796      0.63522      0.62696      0.61012      0.59062      0.58576      0.59948      0.61252      0.61333      0.60312      0.59005      0.58718      0.59409      0.59806      0.59235      0.57887      0.55847      0.53205      0.52061      0.54071
      0.56454      0.56936      0.56334      0.55528      0.53616      0.49975      0.47291      0.47970      0.49720      0.50194      0.49941      0.49387      0.47978      0.47024      0.48102      0.49141      0.47393      0.43821      0.42868      0.45775      0.48041      0.47006      0.44454      0.43035      0.42469      0.41285      0.38839      0.35557      0.31219      0.23162      0.14443      0.19341      0.33156      0.41557      0.43563      0.42721      0.43005      0.44745
      0.41438      0.27049     0.042773     -0.14379     -0.14517     0.049039      0.29723      0.43116      0.42893      0.32377     0.033944     -0.48382     -0.75794     -0.81100
