
 niqlow version 3.50. Copyright (C) 2011-2018 Christopher Ferrall.
Execution of niqlow implies acceptance of its free software License (niqlow/niqlow-license.txt).
Log file directory: '.'. Time stamp: -26-09-2018-16-56-12.

DP::Intialize is complete. Action and State spaces are empty.
 Log file name is: ./DP-DDP-26-09-2018-16-56-12.log
-------------------- DP Model Summary ------------------------
0. USER BELLMAN CLASS
    BobsChoiceD
1. CLOCK
    3. Normal Finite Horizon Aging
2. STATE VARIABLES
              |eps   |eta |theta        -clock        |gamma
              s11    s21   prev      X      t     t'      r      f
       s.N      1      1      2     10     40      1      1      1


     Transition Categories (not counting placeholders and variables with N=1)
                 NonRandom       Random   Coevolving    Augmented       Timing    Invariant
     #Vars               2            0            0            1            0            0

3. SIZE OF SPACES

                       Number of Points
    Exogenous(Epsilon)                1
    SemiExogenous(Eta)                1
     Endogenous(Theta)               20
                 Times               40
         EV()Iterating               20
      ChoiceProb.track              800
         Random Groups                1
 Dynamic Random Groups                1
          Fixed Groups                1
   Total Groups(Gamma)                1
       Total Untrimmed              800

4. ACTION VARIABLES
   Number of Distinct action vectors: 2
          work
    a.N      2


5. TRIMMING AND SUBSAMPLING OF THE ENDOGENOUS STATE SPACE (Theta)
                             N
    TotalReachable         709
         Terminal            0
     Approximated            0
    tfirsts (t=0..T)         0
                             1
                             5
                            11
                            19
                            29
                            41
                            55
                            71
                            89
                           109
                           129
                           149
                           169
                           189
                           209
                           229
                           249
                           269
                           289
                           309
                           329
                           349
                           369
                           389
                           409
                           429
                           449
                           469
                           489
                           509
                           529
                           549
                           569
                           589
                           609
                           629
                           649
                           669
                           689
                           709

6. FEASIBLE ACTION SETS
 
i    [w]        A[0]   
---------------------------
000 (0)           X        
001 (1)           X        
   #States      709
--------------------------
    Key: X = row vector is feasible. - = infeasible


7. AUXILIARY OUTCOMES
      
W      

Initializing Gauss-Hermite Integration
Level5Choleski:
       1.0000      0.00000
      0.00000       1.0000

     Value of States and Choice Probabilities
     ------------------------------------------------------------------------------
    Indx   T   Aprev   X   t     r     f       EV      |Choice Probabilities:         
     799   3   0   1   9  39     0     0       0.561768 0.906512 0.093488
     798   3   0   0   9  39     0     0       0.234656 0.730972 0.269028
     797   3   0   1   8  39     0     0       0.565066 0.902559 0.097441
     796   3   0   0   8  39     0     0       0.243473 0.723239 0.276761
     795   3   0   1   7  39     0     0       0.568713 0.898236 0.101764
     794   3   0   0   7  39     0     0       0.253090 0.714916 0.285084
     793   3   0   1   6  39     0     0       0.572739 0.893519 0.106481
     792   3   0   0   6  39     0     0       0.263562 0.705985 0.294015
     791   3   0   1   5  39     0     0       0.577176 0.888380 0.111620
     790   3   0   0   5  39     0     0       0.274946 0.696429 0.303571
     789   3   0   1   4  39     0     0       0.582060 0.882793 0.117207
     788   3   0   0   4  39     0     0       0.287305 0.686231 0.313769
     787   3   0   1   3  39     0     0       0.587430 0.876727 0.123273
     786   3   0   0   3  39     0     0       0.300710 0.675374 0.324626
     785   3   0   1   2  39     0     0       0.593327 0.870150 0.129850
     784   3   0   0   2  39     0     0       0.315234 0.663843 0.336157
     783   3   0   1   1  39     0     0       0.599799 0.863028 0.136972
     782   3   0   0   1  39     0     0       0.330959 0.651626 0.348374
     781   3   0   1   0  39     0     0       0.606893 0.855328 0.144672
     780   3   0   0   0  39     0     0       0.347973 0.638711 0.361289
     779   1   0   1   9  38     0     0       0.807424 0.866939 0.133061
     778   1   0   0   9  38     0     0       0.533513 0.658302 0.341698
     777   1   0   1   8  38     0     0       0.818849 0.863111 0.136889
     776   1   0   0   8  38     0     0       0.549903 0.651766 0.348234
     775   1   0   1   7  38     0     0       0.831703 0.858540 0.141460
     774   1   0   0   7  38     0     0       0.568655 0.644062 0.355938
     773   1   0   1   6  38     0     0       0.845686 0.853619 0.146381
     772   1   0   0   6  38     0     0       0.588956 0.635884 0.364116
     771   1   0   1   5  38     0     0       0.860872 0.848334 0.151666
     770   1   0   0   5  38     0     0       0.610891 0.627234 0.372766
     769   1   0   1   4  38     0     0       0.877337 0.842673 0.157327
     768   1   0   0   4  38     0     0       0.634551 0.618112 0.381888
     767   1   0   1   3  38     0     0       0.895167 0.836622 0.163378
     766   1   0   0   3  38     0     0       0.660033 0.608522 0.391478
     765   1   0   1   2  38     0     0       0.914451 0.830169 0.169831
     764   1   0   0   2  38     0     0       0.687440 0.598470 0.401530
     763   1   0   1   1  38     0     0       0.935287 0.823301 0.176699
     762   1   0   0   1  38     0     0       0.716881 0.587964 0.412036
     761   1   0   1   0  38     0     0       0.957778 0.816006 0.183994
     760   1   0   0   0  38     0     0       0.748469 0.577013 0.422987
     759   1   0   1   9  37     0     0       1.069984 0.874048 0.125952
     758   1   0   0   9  37     0     0       0.786787 0.670649 0.329351
     757   1   0   1   8  37     0     0       1.087140 0.871370 0.128630
     756   1   0   0   8  37     0     0       0.807451 0.665965 0.334035
     755   1   0   1   7  37     0     0       1.107855 0.867124 0.132876
     754   1   0   0   7  37     0     0       0.833703 0.658620 0.341380
     753   1   0   1   6  37     0     0       1.130350 0.862492 0.137508
     752   1   0   0   6  37     0     0       0.862204 0.650716 0.349284
     751   1   0   1   5  37     0     0       1.154677 0.857507 0.142493
     750   1   0   0   5  37     0     0       0.892959 0.642335 0.357665
     749   1   0   1   4  37     0     0       1.180941 0.852154 0.147846
     748   1   0   0   4  37     0     0       0.926086 0.633473 0.366527
     747   1   0   1   3  37     0     0       1.209253 0.846417 0.153583
     746   1   0   0   3  37     0     0       0.961712 0.624129 0.375871
     745   1   0   1   2  37     0     0       1.239730 0.840281 0.159719
     744   1   0   0   2  37     0     0       0.999974 0.614302 0.385698
     743   1   0   1   1  37     0     0       1.272498 0.833728 0.166272
     742   1   0   0   1  37     0     0       1.041012 0.603993 0.396007
     741   1   0   1   0  37     0     0       1.307689 0.826742 0.173258
     740   1   0   0   0  37     0     0       1.084976 0.593203 0.406797
     739   1   0   1   9  36     0     0       1.299026 0.872827 0.127173
     738   1   0   0   9  36     0     0       1.017431 0.668507 0.331493
     737   1   0   1   8  36     0     0       1.319535 0.870702 0.129298
     736   1   0   0   8  36     0     0       1.040720 0.664803 0.335197
     735   1   0   1   7  36     0     0       1.346800 0.866683 0.133317
     734   1   0   0   7  36     0     0       1.073222 0.657862 0.342138
     733   1   0   1   6  36     0     0       1.376644 0.862087 0.137913
     732   1   0   0   6  36     0     0       1.109022 0.650031 0.349969
     731   1   0   1   5  36     0     0       1.408881 0.857136 0.142864
     730   1   0   0   5  36     0     0       1.147638 0.641717 0.358283
     729   1   0   1   4  36     0     0       1.443633 0.851821 0.148179
     728   1   0   0   4  36     0     0       1.189202 0.632928 0.367072
     727   1   0   1   3  36     0     0       1.481037 0.846128 0.153872
     726   1   0   0   3  36     0     0       1.233863 0.623663 0.376337
     725   1   0   1   2  36     0     0       1.521238 0.840042 0.159958
     724   1   0   0   2  36     0     0       1.281784 0.613923 0.386077
     723   1   0   1   1  36     0     0       1.564391 0.833547 0.166453
     722   1   0   0   1  36     0     0       1.333132 0.603710 0.396290
     721   1   0   1   0  36     0     0       1.610656 0.826627 0.173373
     720   1   0   0   0  36     0     0       1.388087 0.593029 0.406971
     719   1   0   1   9  35     0     0       1.506416 0.873038 0.126962
     718   1   0   0   9  35     0     0       1.224544 0.668877 0.331123
     717   1   0   1   8  35     0     0       1.528969 0.871266 0.128734
     716   1   0   0   8  35     0     0       1.249417 0.665783 0.334217
     715   1   0   1   7  35     0     0       1.561487 0.867651 0.132349
     714   1   0   0   7  35     0     0       1.286649 0.659527 0.340473
     713   1   0   1   6  35     0     0       1.597777 0.863182 0.136818
     712   1   0   0   6  35     0     0       1.328738 0.651887 0.348113
     711   1   0   1   5  35     0     0       1.636989 0.858330 0.141670
     710   1   0   0   5  35     0     0       1.374211 0.643711 0.356289
     709   1   0   1   4  35     0     0       1.679224 0.853122 0.146878
     708   1   0   0   4  35     0     0       1.423130 0.635066 0.364934
     707   1   0   1   3  35     0     0       1.724640 0.847543 0.152457
     706   1   0   0   3  35     0     0       1.475666 0.625951 0.374049
     705   1   0   1   2  35     0     0       1.773404 0.841580 0.158420
     704   1   0   0   2  35     0     0       1.532003 0.616369 0.383631
     703   1   0   1   1  35     0     0       1.825694 0.835217 0.164783
     702   1   0   0   1  35     0     0       1.592331 0.606319 0.393681
     701   1   0   1   0  35     0     0       1.881694 0.828440 0.171560
     700   1   0   0   0  35     0     0       1.656853 0.595807 0.404193
     699   1   0   1   9  34     0     0       1.692850 0.873002 0.126998
     698   1   0   0   9  34     0     0       1.411026 0.668813 0.331187
     697   1   0   1   8  34     0     0       1.716640 0.871440 0.128560
     696   1   0   0   8  34     0     0       1.436861 0.666086 0.333914
     695   1   0   1   7  34     0     0       1.753081 0.868192 0.131808
     694   1   0   0   7  34     0     0       1.477540 0.660459 0.339541
     693   1   0   1   6  34     0     0       1.794886 0.863879 0.136121
     692   1   0   0   6  34     0     0       1.524945 0.653071 0.346929
     691   1   0   1   5  34     0     0       1.840194 0.859102 0.140898
     690   1   0   0   5  34     0     0       1.576422 0.645003 0.354997
     689   1   0   1   4  34     0     0       1.888973 0.853967 0.146033
     688   1   0   0   4  34     0     0       1.631797 0.636460 0.363540
     687   1   0   1   3  34     0     0       1.941394 0.848468 0.151532
     686   1   0   0   3  34     0     0       1.691243 0.627452 0.372548
     685   1   0   1   2  34     0     0       1.997643 0.842590 0.157410
     684   1   0   0   2  34     0     0       1.754962 0.617980 0.382020
     683   1   0   1   1  34     0     0       2.057917 0.836318 0.163682
     682   1   0   0   1  34     0     0       1.823166 0.608045 0.391955
     681   1   0   1   0  34     0     0       2.122422 0.829639 0.170361
     680   1   0   0   0  34     0     0       1.896076 0.597652 0.402348
     679   1   0   1   9  33     0     0       1.860679 0.873008 0.126992
     678   1   0   0   9  33     0     0       1.578847 0.668824 0.331176
     677   1   0   1   8  33     0     0       1.885219 0.871574 0.128426
     676   1   0   0   8  33     0     0       1.605264 0.666320 0.333680
     675   1   0   1   7  33     0     0       1.924489 0.868627 0.131373
     674   1   0   0   7  33     0     0       1.648381 0.661209 0.338791
     673   1   0   1   6  33     0     0       1.970890 0.864516 0.135484
     672   1   0   0   6  33     0     0       1.700125 0.654155 0.345845
     671   1   0   1   5  33     0     0       2.021520 0.859823 0.140177
     670   1   0   0   5  33     0     0       1.756820 0.646213 0.353787
     669   1   0   1   4  33     0     0       2.076039 0.854757 0.145243
     668   1   0   0   4  33     0     0       1.817850 0.637766 0.362234
     667   1   0   1   3  33     0     0       2.134603 0.849332 0.150668
     666   1   0   0   3  33     0     0       1.883350 0.628857 0.371143
     665   1   0   1   2  33     0     0       2.197413 0.843533 0.156467
     664   1   0   0   2  33     0     0       1.953536 0.619489 0.380511
     663   1   0   1   1  33     0     0       2.264684 0.837347 0.162653
     662   1   0   0   1  33     0     0       2.028636 0.609662 0.390338
     661   1   0   1   0  33     0     0       2.336639 0.830758 0.169242
     660   1   0   0   0  33     0     0       2.108888 0.599381 0.400619
     659   1   0   1   9  32     0     0       2.011718 0.873007 0.126993
     658   1   0   0   9  32     0     0       1.729887 0.668822 0.331178
     657   1   0   1   8  32     0     0       2.036713 0.871650 0.128350
     656   1   0   0   8  32     0     0       1.756658 0.666453 0.333547
     655   1   0   1   7  32     0     0       2.077970 0.868933 0.131067
     654   1   0   0   7  32     0     0       1.801464 0.661736 0.338264
     653   1   0   1   6  32     0     0       2.128079 0.865035 0.134965
     652   1   0   0   6  32     0     0       1.856640 0.655041 0.344959
     651   1   0   1   5  32     0     0       2.183309 0.860441 0.139559
     650   1   0   0   5  32     0     0       1.917811 0.647253 0.352747
     649   1   0   1   4  32     0     0       2.242854 0.855439 0.144561
     648   1   0   0   4  32     0     0       1.983791 0.638895 0.361105
     647   1   0   1   3  32     0     0       2.306802 0.850077 0.149923
     646   1   0   0   3  32     0     0       2.054599 0.630072 0.369928
     645   1   0   1   2  32     0     0       2.375361 0.844346 0.155654
     644   1   0   0   2  32     0     0       2.130453 0.620792 0.379208
     643   1   0   1   1  32     0     0       2.448761 0.838232 0.161768
     642   1   0   0   1  32     0     0       2.211594 0.611058 0.388942
     641   1   0   1   0  32     0     0       2.527239 0.831721 0.168279
     640   1   0   0   0  32     0     0       2.298277 0.600872 0.399128
     639   1   0   1   9  31     0     0       2.147654 0.873007 0.126993
     638   1   0   0   9  31     0     0       1.865823 0.668823 0.331177
     637   1   0   1   8  31     0     0       2.172925 0.871697 0.128303
     636   1   0   0   8  31     0     0       1.892809 0.666535 0.333465
     635   1   0   1   7  31     0     0       2.215551 0.869147 0.130853
     634   1   0   0   7  31     0     0       1.938766 0.662106 0.337894
     633   1   0   1   6  31     0     0       2.268563 0.865452 0.134548
     632   1   0   0   6  31     0     0       1.996584 0.655753 0.344247
     631   1   0   1   5  31     0     0       2.327711 0.860975 0.139025
     630   1   0   0   5  31     0     0       2.061524 0.648153 0.351847
     629   1   0   1   4  31     0     0       2.391648 0.856036 0.143964
     628   1   0   0   4  31     0     0       2.131819 0.639886 0.360114
     627   1   0   1   3  31     0     0       2.460315 0.850730 0.149270
     626   1   0   0   3  31     0     0       2.207278 0.631139 0.368861
     625   1   0   1   2  31     0     0       2.533913 0.845058 0.154942
     624   1   0   0   2  31     0     0       2.288100 0.621937 0.378063
     623   1   0   1   1  31     0     0       2.612683 0.839007 0.160993
     622   1   0   0   1  31     0     0       2.374537 0.612283 0.387717
     621   1   0   1   0  31     0     0       2.696876 0.832565 0.167435
     620   1   0   0   0  31     0     0       2.466854 0.602182 0.397818
     619   1   0   1   9  30     0     0       2.269997 0.873007 0.126993
     618   1   0   0   9  30     0     0       1.988166 0.668823 0.331177
     617   1   0   1   8  30     0     0       2.295435 0.871726 0.128274
     616   1   0   0   8  30     0     0       2.015282 0.666585 0.333415
     615   1   0   1   7  30     0     0       2.338990 0.869293 0.130707
     614   1   0   0   7  30     0     0       2.062014 0.662360 0.337640
     613   1   0   1   6  30     0     0       2.394217 0.865775 0.134225
     612   1   0   0   6  30     0     0       2.121818 0.656307 0.343693
     611   1   0   1   5  30     0     0       2.456637 0.861427 0.138573
     610   1   0   0   5  30     0     0       2.189866 0.648916 0.351084
     609   1   0   1   4  30     0     0       2.524392 0.856556 0.143444
     608   1   0   0   4  30     0     0       2.263894 0.640751 0.359249
     607   1   0   1   3  30     0     0       2.597193 0.851300 0.148700
     606   1   0   0   3  30     0     0       2.343427 0.632073 0.367927
     605   1   0   1   2  30     0     0       2.675209 0.845680 0.154320
     604   1   0   0   2  30     0     0       2.428605 0.622939 0.377061
     603   1   0   1   1  30     0     0       2.758686 0.839685 0.160315
     602   1   0   0   1  30     0     0       2.519683 0.613356 0.386644
     601   1   0   1   0  30     0     0       2.847885 0.833301 0.166699
     600   1   0   0   0  30     0     0       2.616936 0.603327 0.396673
     599   1   0   1   9  29     0     0       2.380105 0.873007 0.126993
     598   1   0   0   9  29     0     0       2.098274 0.668823 0.331177
     597   1   0   1   8  29     0     0       2.405645 0.871743 0.128257
     596   1   0   0   8  29     0     0       2.125469 0.666615 0.333385
     595   1   0   1   7  29     0     0       2.449824 0.869393 0.130607
     594   1   0   0   7  29     0     0       2.172718 0.662532 0.337468
     593   1   0   1   6  29     0     0       2.506705 0.866021 0.133979
     592   1   0   0   6  29     0     0       2.233986 0.656727 0.343273
     591   1   0   1   5  29     0     0       2.571800 0.861803 0.138197
     590   1   0   0   5  29     0     0       2.304544 0.649551 0.350449
     589   1   0   1   4  29     0     0       2.642843 0.857007 0.142993
     588   1   0   0   4  29     0     0       2.381767 0.641501 0.358499
     587   1   0   1   3  29     0     0       2.719261 0.851799 0.148201
     586   1   0   0   3  29     0     0       2.464858 0.632892 0.367108
     585   1   0   1   2  29     0     0       2.801149 0.846225 0.153775
     584   1   0   0   2  29     0     0       2.553853 0.623818 0.376182
     583   1   0   1   1  29     0     0       2.888752 0.840278 0.159722
     582   1   0   0   1  29     0     0       2.648999 0.614297 0.385703
     581   1   0   1   0  29     0     0       2.982339 0.833945 0.166055
     580   1   0   0   0  29     0     0       2.750579 0.604331 0.395669
     579   1   0   1   9  28     0     0       2.479202 0.873007 0.126993
     578   1   0   0   9  28     0     0       2.197371 0.668823 0.331177
     577   1   0   1   8  28     0     0       2.504804 0.871754 0.128246
     576   1   0   0   8  28     0     0       2.224614 0.666633 0.333367
     575   1   0   1   7  28     0     0       2.549398 0.869459 0.130541
     574   1   0   0   7  28     0     0       2.272206 0.662647 0.337353
     573   1   0   1   6  28     0     0       2.607490 0.866203 0.133797
     572   1   0   0   6  28     0     0       2.334535 0.657040 0.342960
     571   1   0   1   5  28     0     0       2.674730 0.862109 0.137891
     570   1   0   0   5  28     0     0       2.407079 0.650068 0.349932
     569   1   0   1   4  28     0     0       2.748570 0.857393 0.142607
     568   1   0   0   4  28     0     0       2.486997 0.642146 0.357854
     567   1   0   1   3  28     0     0       2.828142 0.852235 0.147765
     566   1   0   0   3  28     0     0       2.573182 0.633607 0.366393
     565   1   0   1   2  28     0     0       2.913424 0.846701 0.153299
     564   1   0   0   2  28     0     0       2.665522 0.624588 0.375412
     563   1   0   1   1  28     0     0       3.004644 0.840796 0.159204
     562   1   0   0   1  28     0     0       2.764235 0.615120 0.384880
     561   1   0   1   0  28     0     0       3.102077 0.834509 0.165491
     560   1   0   0   0  28     0     0       2.869607 0.605211 0.394789
     559   1   0   1   9  27     0     0       2.568390 0.873007 0.126993
     558   1   0   0   9  27     0     0       2.286559 0.668823 0.331177
     557   1   0   1   8  27     0     0       2.594029 0.871760 0.128240
     556   1   0   0   8  27     0     0       2.313831 0.666644 0.333356
     555   1   0   1   7  27     0     0       2.638896 0.869503 0.130497
     554   1   0   0   7  27     0     0       2.361647 0.662723 0.337277
     553   1   0   1   6  27     0     0       2.697863 0.866337 0.133663
     552   1   0   0   6  27     0     0       2.424735 0.657268 0.342732
     551   1   0   1   5  27     0     0       2.766788 0.862353 0.137647
     550   1   0   0   5  27     0     0       2.498822 0.650481 0.349519
     549   1   0   1   4  27     0     0       2.842975 0.857721 0.142279
     548   1   0   0   4  27     0     0       2.580980 0.642693 0.357307
     547   1   0   1   3  27     0     0       2.925280 0.852614 0.147386
     546   1   0   0   3  27     0     0       2.669835 0.634230 0.365770
     545   1   0   1   2  27     0     0       3.013533 0.847118 0.152882
     544   1   0   0   2  27     0     0       2.765101 0.625262 0.374738
     543   1   0   1   1  27     0     0       3.107924 0.841250 0.158750
     542   1   0   0   1  27     0     0       2.866941 0.615842 0.384158
     541   1   0   1   0  27     0     0       3.208728 0.835001 0.164999
     540   1   0   0   0  27     0     0       2.975638 0.605981 0.394019
     539   1   0   1   9  26     0     0       2.648659 0.873007 0.126993
     538   1   0   0   9  26     0     0       2.366828 0.668823 0.331177
     537   1   0   1   8  26     0     0       2.674321 0.871764 0.128236
     536   1   0   0   8  26     0     0       2.394118 0.666651 0.333349
     535   1   0   1   7  26     0     0       2.719367 0.869532 0.130468
     534   1   0   0   7  26     0     0       2.442080 0.662773 0.337227
     533   1   0   1   6  26     0     0       2.778956 0.866432 0.133568
     532   1   0   0   6  26     0     0       2.505703 0.657432 0.342568
     531   1   0   1   5  26     0     0       2.849182 0.862544 0.137456
     530   1   0   0   5  26     0     0       2.580969 0.650804 0.349196
     529   1   0   1   4  26     0     0       2.927306 0.857995 0.142005
     528   1   0   0   4  26     0     0       2.664959 0.643151 0.356849
     527   1   0   1   3  26     0     0       3.011962 0.852942 0.147058
     526   1   0   0   3  26     0     0       2.756098 0.634769 0.365231
     525   1   0   1   2  26     0     0       3.102812 0.847482 0.152518
     524   1   0   0   2  26     0     0       2.853915 0.625852 0.374148
     523   1   0   1   1  26     0     0       3.199982 0.841647 0.158353
     522   1   0   0   1  26     0     0       2.958496 0.616475 0.383525
     521   1   0   1   0  26     0     0       3.303742 0.835433 0.164567
     520   1   0   0   0  26     0     0       3.070107 0.606657 0.393343
     519   1   0   1   9  25     0     0       2.720901 0.873007 0.126993
     518   1   0   0   9  25     0     0       2.439070 0.668823 0.331177
     517   1   0   1   8  25     0     0       2.746576 0.871766 0.128234
     516   1   0   0   8  25     0     0       2.466370 0.666655 0.333345
     515   1   0   1   7  25     0     0       2.791740 0.869551 0.130449
     514   1   0   0   7  25     0     0       2.514427 0.662806 0.337194
     513   1   0   1   6  25     0     0       2.851765 0.866500 0.133500
     512   1   0   0   6  25     0     0       2.578425 0.657549 0.342451
     511   1   0   1   5  25     0     0       2.922980 0.862690 0.137310
     510   1   0   0   5  25     0     0       2.654578 0.651053 0.348947
     509   1   0   1   4  25     0     0       3.002679 0.858221 0.141779
     508   1   0   0   4  25     0     0       2.740042 0.643528 0.356472
     507   1   0   1   3  25     0     0       3.089338 0.853223 0.146777
     506   1   0   0   3  25     0     0       2.833114 0.635232 0.364768
     505   1   0   1   2  25     0     0       3.182446 0.847800 0.152200
     504   1   0   0   2  25     0     0       2.933145 0.626368 0.373632
     503   1   0   1   1  25     0     0       3.282051 0.841995 0.158005
     502   1   0   0   1  25     0     0       3.040124 0.617030 0.382970
     501   1   0   1   0  25     0     0       3.388402 0.835811 0.164189
     500   1   0   0   0  25     0     0       3.154291 0.607249 0.392751
     499   1   0   1   9  24     0     0       2.785919 0.873007 0.126993
     498   1   0   0   9  24     0     0       2.504088 0.668823 0.331177
     497   1   0   1   8  24     0     0       2.811603 0.871768 0.128232
     496   1   0   0   8  24     0     0       2.531395 0.666657 0.333343
     495   1   0   1   7  24     0     0       2.856841 0.869563 0.130437
     494   1   0   0   7  24     0     0       2.579513 0.662827 0.337173
     493   1   0   1   6  24     0     0       2.917171 0.866548 0.133452
     492   1   0   0   6  24     0     0       2.643769 0.657630 0.342370
     491   1   0   1   5  24     0     0       2.989126 0.862801 0.137199
     490   1   0   0   5  24     0     0       2.720580 0.651241 0.348759
     489   1   0   1   4  24     0     0       3.070085 0.858403 0.141597
     488   1   0   0   4  24     0     0       2.807213 0.643833 0.356167
     487   1   0   1   3  24     0     0       3.158429 0.853462 0.146538
     486   1   0   0   3  24     0     0       2.901900 0.635626 0.364374
     485   1   0   1   2  24     0     0       3.253493 0.848076 0.151924
     484   1   0   0   2  24     0     0       3.003841 0.626816 0.373184
     483   1   0   1   1  24     0     0       3.355228 0.842299 0.157701
     482   1   0   0   1  24     0     0       3.112915 0.617516 0.382484
     481   1   0   1   0  24     0     0       3.463851 0.836142 0.163858
     480   1   0   0   0  24     0     0       3.229323 0.607768 0.392232
     479   1   0   1   9  23     0     0       2.844435 0.873007 0.126993
     478   1   0   0   9  23     0     0       2.562604 0.668823 0.331177
     477   1   0   1   8  23     0     0       2.870124 0.871768 0.128232
     476   1   0   0   8  23     0     0       2.589915 0.666659 0.333341
     475   1   0   1   7  23     0     0       2.915411 0.869571 0.130429
     474   1   0   0   7  23     0     0       2.638072 0.662841 0.337159
     473   1   0   1   6  23     0     0       2.975951 0.866581 0.133419
     472   1   0   0   6  23     0     0       2.702506 0.657687 0.342313
     471   1   0   1   5  23     0     0       3.048452 0.862884 0.137116
     470   1   0   0   5  23     0     0       2.779799 0.651382 0.348618
     469   1   0   1   4  23     0     0       3.130405 0.858549 0.141451
     468   1   0   0   4  23     0     0       2.867346 0.644077 0.355923
     467   1   0   1   3  23     0     0       3.220150 0.853662 0.146338
     466   1   0   0   3  23     0     0       2.963364 0.635956 0.364044
     465   1   0   1   2  23     0     0       3.316895 0.848315 0.151685
     464   1   0   0   2  23     0     0       3.066939 0.627203 0.372797
     463   1   0   1   1  23     0     0       3.420488 0.842565 0.157435
     462   1   0   0   1  23     0     0       3.177839 0.617940 0.382060
     461   1   0   1   0  23     0     0       3.531101 0.836431 0.163569
     460   1   0   0   0  23     0     0       3.296208 0.608223 0.391777
     459   1   0   1   9  22     0     0       2.897099 0.873007 0.126993
     458   1   0   0   9  22     0     0       2.615268 0.668823 0.331177
     457   1   0   1   8  22     0     0       2.922791 0.871769 0.128231
     456   1   0   0   8  22     0     0       2.642581 0.666660 0.333340
     455   1   0   1   7  22     0     0       2.968110 0.869576 0.130424
     454   1   0   0   7  22     0     0       2.690765 0.662850 0.337150
     453   1   0   1   6  22     0     0       3.028794 0.866604 0.133396
     452   1   0   0   6  22     0     0       2.755318 0.657726 0.342274
     451   1   0   1   5  22     0     0       3.101694 0.862945 0.137055
     450   1   0   0   5  22     0     0       2.832961 0.651485 0.348515
     449   1   0   1   4  22     0     0       3.184419 0.858663 0.141337
     448   1   0   0   4  22     0     0       2.921213 0.644268 0.355732
     447   1   0   1   3  22     0     0       3.275314 0.853828 0.146172
     446   1   0   0   3  22     0     0       3.018315 0.636230 0.363770
     445   1   0   1   2  22     0     0       3.373491 0.848519 0.151481
     444   1   0   0   2  22     0     0       3.123274 0.627535 0.372465
     443   1   0   1   1  22     0     0       3.478700 0.842797 0.157203
     442   1   0   0   1  22     0     0       3.235756 0.618310 0.381690
     441   1   0   1   0  22     0     0       3.591055 0.836685 0.163315
     440   1   0   0   0  22     0     0       3.355842 0.608621 0.391379
     439   1   0   1   9  21     0     0       2.944497 0.873007 0.126993
     438   1   0   0   9  21     0     0       2.662666 0.668823 0.331177
     437   1   0   1   8  21     0     0       2.970191 0.871769 0.128231
     436   1   0   0   8  21     0     0       2.689981 0.666660 0.333340
     435   1   0   1   7  21     0     0       3.015530 0.869580 0.130420
     434   1   0   0   7  21     0     0       2.738180 0.662856 0.337144
     433   1   0   1   6  21     0     0       3.076311 0.866619 0.133381
     432   1   0   0   6  21     0     0       2.802816 0.657753 0.342247
     431   1   0   1   5  21     0     0       3.149499 0.862990 0.137010
     430   1   0   0   5  21     0     0       2.880709 0.651561 0.348439
     429   1   0   1   4  21     0     0       3.232818 0.858752 0.141248
     428   1   0   0   4  21     0     0       2.969497 0.644417 0.355583
     427   1   0   1   3  21     0     0       3.324643 0.853964 0.146036
     426   1   0   0   3  21     0     0       3.067471 0.636454 0.363546
     425   1   0   1   2  21     0     0       3.424030 0.848693 0.151307
     424   1   0   0   2  21     0     0       3.173591 0.627818 0.372182
     423   1   0   1   1  21     0     0       3.530635 0.842998 0.157002
     422   1   0   0   1  21     0     0       3.287437 0.618632 0.381368
     421   1   0   1   0  21     0     0       3.644513 0.836907 0.163093
     420   1   0   0   0  21     0     0       3.409020 0.608970 0.391030
     419   1   0   1   9  20     0     0       2.987155 0.873007 0.126993
     418   1   0   0   9  20     0     0       2.705325 0.668823 0.331177
     417   1   0   1   8  20     0     0       3.012850 0.871769 0.128231
     416   1   0   0   8  20     0     0       2.732640 0.666661 0.333339
     415   1   0   1   7  20     0     0       3.058202 0.869582 0.130418
     414   1   0   0   7  20     0     0       2.780850 0.662859 0.337141
     413   1   0   1   6  20     0     0       3.119049 0.866630 0.133370
     412   1   0   0   6  20     0     0       2.845540 0.657771 0.342229
     411   1   0   1   5  20     0     0       3.192443 0.863022 0.136978
     410   1   0   0   5  20     0     0       2.923612 0.651615 0.348385
     409   1   0   1   4  20     0     0       3.276211 0.858820 0.141180
     408   1   0   0   4  20     0     0       3.012803 0.644530 0.355470
     407   1   0   1   3  20     0     0       3.368781 0.854074 0.145926
     406   1   0   0   3  20     0     0       3.111468 0.636635 0.363365
     405   1   0   1   2  20     0     0       3.469178 0.848840 0.151160
     404   1   0   0   2  20     0     0       3.218552 0.628056 0.371944
     403   1   0   1   1  20     0     0       3.576983 0.843171 0.156829
     402   1   0   0   1  20     0     0       3.333565 0.618909 0.381091
     401   1   0   1   0  20     0     0       3.692188 0.837100 0.162900
     400   1   0   0   0  20     0     0       3.456451 0.609275 0.390725
     399   1   0   1   9  19     0     0       3.025548 0.873007 0.126993
     398   1   0   0   9  19     0     0       2.743717 0.668823 0.331177
     397   1   0   1   8  19     0     0       3.051244 0.871770 0.128230
     396   1   0   0   8  19     0     0       2.771033 0.666661 0.333339
     395   1   0   1   7  19     0     0       3.096603 0.869583 0.130417
     394   1   0   0   7  19     0     0       2.819249 0.662862 0.337138
     393   1   0   1   6  19     0     0       3.157494 0.866637 0.133363
     392   1   0   0   6  19     0     0       2.883976 0.657783 0.342217
     391   1   0   1   5  19     0     0       3.231034 0.863045 0.136955
     390   1   0   0   5  19     0     0       2.962174 0.651654 0.348346
     389   1   0   1   4  19     0     0       3.315139 0.858871 0.141129
     388   1   0   0   4  19     0     0       3.051665 0.644616 0.355384
     387   1   0   1   3  19     0     0       3.408298 0.854161 0.145839
     386   1   0   0   3  19     0     0       3.150872 0.636780 0.363220
     385   1   0   1   2  19     0     0       3.509529 0.848962 0.151038
     384   1   0   0   2  19     0     0       3.258747 0.628255 0.371745
     383   1   0   1   1  19     0     0       3.618357 0.843320 0.156680
     382   1   0   0   1  19     0     0       3.374750 0.619148 0.380852
     381   1   0   1   0  19     0     0       3.734714 0.837269 0.162731
     380   1   0   0   0  19     0     0       3.498764 0.609540 0.390460
     379   1   0   1   9  18     0     0       3.060101 0.873007 0.126993
     378   1   0   0   9  18     0     0       2.778270 0.668823 0.331177
     377   1   0   1   8  18     0     0       3.085797 0.871770 0.128230
     376   1   0   0   8  18     0     0       2.805586 0.666661 0.333339
     375   1   0   1   7  18     0     0       3.131162 0.869584 0.130416
     374   1   0   0   7  18     0     0       2.853807 0.662863 0.337137
     373   1   0   1   6  18     0     0       3.192083 0.866642 0.133358
     372   1   0   0   6  18     0     0       2.918558 0.657791 0.342209
     371   1   0   1   5  18     0     0       3.265725 0.863061 0.136939
     370   1   0   0   5  18     0     0       2.996844 0.651681 0.348319
     369   1   0   1   4  18     0     0       3.350079 0.858909 0.141091
     368   1   0   0   4  18     0     0       3.086556 0.644680 0.355320
     367   1   0   1   3  18     0     0       3.443697 0.854230 0.145770
     366   1   0   0   3  18     0     0       3.186184 0.636894 0.363106
     365   1   0   1   2  18     0     0       3.545610 0.849063 0.150937
     364   1   0   0   2  18     0     0       3.294700 0.628419 0.371581
     363   1   0   1   1  18     0     0       3.655304 0.843447 0.156553
     362   1   0   0   1  18     0     0       3.411536 0.619351 0.380649
     361   1   0   1   0  18     0     0       3.772657 0.837415 0.162585
     360   1   0   0   0  18     0     0       3.536522 0.609770 0.390230
     359   1   0   1   9  17     0     0       3.091199 0.873007 0.126993
     358   1   0   0   9  17     0     0       2.809368 0.668823 0.331177
     357   1   0   1   8  17     0     0       3.116895 0.871770 0.128230
     356   1   0   0   8  17     0     0       2.836684 0.666661 0.333339
     355   1   0   1   7  17     0     0       3.162264 0.869585 0.130415
     354   1   0   0   7  17     0     0       2.884907 0.662864 0.337136
     353   1   0   1   6  17     0     0       3.223204 0.866645 0.133355
     352   1   0   0   6  17     0     0       2.949675 0.657797 0.342203
     351   1   0   1   5  17     0     0       3.296918 0.863072 0.136928
     350   1   0   0   5  17     0     0       3.028021 0.651700 0.348300
     349   1   0   1   4  17     0     0       3.381455 0.858938 0.141062
     348   1   0   0   4  17     0     0       3.117895 0.644728 0.355272
     347   1   0   1   3  17     0     0       3.475428 0.854284 0.145716
     346   1   0   0   3  17     0     0       3.217845 0.636983 0.363017
     345   1   0   1   2  17     0     0       3.577890 0.849144 0.150856
     344   1   0   0   2  17     0     0       3.326877 0.628552 0.371448
     343   1   0   1   1  17     0     0       3.688311 0.843554 0.156446
     342   1   0   0   1  17     0     0       3.444407 0.619522 0.380478
     341   1   0   1   0  17     0     0       3.806519 0.837541 0.162459
     340   1   0   0   0  17     0     0       3.570225 0.609969 0.390031
     339   1   0   1   9  16     0     0       3.119187 0.873007 0.126993
     338   1   0   0   9  16     0     0       2.837356 0.668823 0.331177
     337   1   0   1   8  16     0     0       3.144883 0.871770 0.128230
     336   1   0   0   8  16     0     0       2.864673 0.666661 0.333339
     335   1   0   1   7  16     0     0       3.190254 0.869585 0.130415
     334   1   0   0   7  16     0     0       2.912897 0.662865 0.337135
     333   1   0   1   6  16     0     0       3.251207 0.866647 0.133353
     332   1   0   0   6  16     0     0       2.977675 0.657800 0.342200
     331   1   0   1   5  16     0     0       3.324971 0.863080 0.136920
     330   1   0   0   5  16     0     0       3.056064 0.651714 0.348286
     329   1   0   1   4  16     0     0       3.409641 0.858958 0.141042
     328   1   0   0   4  16     0     0       3.146055 0.644763 0.355237
     327   1   0   1   3  16     0     0       3.503884 0.854325 0.145675
     326   1   0   0   3  16     0     0       3.246249 0.637051 0.362949
     325   1   0   1   2  16     0     0       3.606787 0.849211 0.150789
     324   1   0   0   2  16     0     0       3.355689 0.628660 0.371340
     323   1   0   1   1  16     0     0       3.717809 0.843643 0.156357
     322   1   0   0   1  16     0     0       3.473792 0.619665 0.380335
     321   1   0   1   0  16     0     0       3.836747 0.837649 0.162351
     320   1   0   0   0  16     0     0       3.600317 0.610139 0.389861
     319   1   0   1   9  15     0     0       3.144376 0.873007 0.126993
     318   1   0   0   9  15     0     0       2.862545 0.668823 0.331177
     317   1   0   1   8  15     0     0       3.170073 0.871770 0.128230
     316   1   0   0   8  15     0     0       2.889862 0.666661 0.333339
     315   1   0   1   7  15     0     0       3.215444 0.869585 0.130415
     314   1   0   0   7  15     0     0       2.938088 0.662865 0.337135
     313   1   0   1   6  15     0     0       3.276406 0.866648 0.133352
     312   1   0   0   6  15     0     0       3.002873 0.657803 0.342197
     311   1   0   1   5  15     0     0       3.350204 0.863085 0.136915
     310   1   0   0   5  15     0     0       3.081290 0.651723 0.348277
     309   1   0   1   4  15     0     0       3.434971 0.858973 0.141027
     308   1   0   0   4  15     0     0       3.171365 0.644788 0.355212
     307   1   0   1   3  15     0     0       3.529419 0.854357 0.145643
     306   1   0   0   3  15     0     0       3.271743 0.637103 0.362897
     305   1   0   1   2  15     0     0       3.632669 0.849263 0.150737
     304   1   0   0   2  15     0     0       3.381504 0.628745 0.371255
     303   1   0   1   1  15     0     0       3.744186 0.843717 0.156283
     302   1   0   0   1  15     0     0       3.500075 0.619784 0.380216
     301   1   0   1   0  15     0     0       3.863742 0.837741 0.162259
     300   1   0   0   0  15     0     0       3.627195 0.610284 0.389716
     299   1   0   1   9  14     0     0       3.167046 0.873007 0.126993
     298   1   0   0   9  14     0     0       2.885216 0.668823 0.331177
     297   1   0   1   8  14     0     0       3.192743 0.871770 0.128230
     296   1   0   0   8  14     0     0       2.912532 0.666661 0.333339
     295   1   0   1   7  14     0     0       3.238116 0.869585 0.130415
     294   1   0   0   7  14     0     0       2.960759 0.662865 0.337135
     293   1   0   1   6  14     0     0       3.299083 0.866649 0.133351
     292   1   0   0   6  14     0     0       3.025548 0.657804 0.342196
     291   1   0   1   5  14     0     0       3.372904 0.863089 0.136911
     290   1   0   0   5  14     0     0       3.103986 0.651729 0.348271
     289   1   0   1   4  14     0     0       3.457740 0.858984 0.141016
     288   1   0   0   4  14     0     0       3.194120 0.644806 0.355194
     287   1   0   1   3  14     0     0       3.552341 0.854380 0.145620
     286   1   0   0   3  14     0     0       3.294635 0.637142 0.362858
     285   1   0   1   2  14     0     0       3.655864 0.849305 0.150695
     284   1   0   0   2  14     0     0       3.404645 0.628813 0.371187
     283   1   0   1   1  14     0     0       3.767783 0.843778 0.156222
     282   1   0   0   1  14     0     0       3.523595 0.619881 0.380119
     281   1   0   1   0  14     0     0       3.887858 0.837819 0.162181
     280   1   0   0   0  14     0     0       3.651213 0.610407 0.389593
     279   1   0   1   9  13     0     0       3.187450 0.873007 0.126993
     278   1   0   0   9  13     0     0       2.905619 0.668823 0.331177
     277   1   0   1   8  13     0     0       3.213146 0.871770 0.128230
     276   1   0   0   8  13     0     0       2.932936 0.666661 0.333339
     275   1   0   1   7  13     0     0       3.258520 0.869585 0.130415
     274   1   0   0   7  13     0     0       2.981162 0.662866 0.337134
     273   1   0   1   6  13     0     0       3.319490 0.866650 0.133350
     272   1   0   0   6  13     0     0       3.045955 0.657805 0.342195
     271   1   0   1   5  13     0     0       3.393328 0.863092 0.136908
     270   1   0   0   5  13     0     0       3.124406 0.651734 0.348266
     269   1   0   1   4  13     0     0       3.478213 0.858992 0.141008
     268   1   0   0   4  13     0     0       3.214582 0.644819 0.355181
     267   1   0   1   3  13     0     0       3.572927 0.854398 0.145602
     266   1   0   0   3  13     0     0       3.315198 0.637172 0.362828
     265   1   0   1   2  13     0     0       3.676660 0.849337 0.150663
     264   1   0   0   2  13     0     0       3.425401 0.628866 0.371134
     263   1   0   1   1  13     0     0       3.788904 0.843827 0.156173
     262   1   0   0   1  13     0     0       3.544654 0.619961 0.380039
     261   1   0   1   0  13     0     0       3.909412 0.837885 0.162115
     260   1   0   0   0  13     0     0       3.672684 0.610510 0.389490
     259   1   0   1   9  12     0     0       3.205813 0.873007 0.126993
     258   1   0   0   9  12     0     0       2.923982 0.668823 0.331177
     257   1   0   1   8  12     0     0       3.231509 0.871770 0.128230
     256   1   0   0   8  12     0     0       2.951299 0.666661 0.333339
     255   1   0   1   7  12     0     0       3.276883 0.869586 0.130414
     254   1   0   0   7  12     0     0       2.999526 0.662866 0.337134
     253   1   0   1   6  12     0     0       3.337856 0.866650 0.133350
     252   1   0   0   6  12     0     0       3.064320 0.657806 0.342194
     251   1   0   1   5  12     0     0       3.411704 0.863094 0.136906
     250   1   0   0   5  12     0     0       3.142780 0.651737 0.348263
     249   1   0   1   4  12     0     0       3.496624 0.858998 0.141002
     248   1   0   0   4  12     0     0       3.232986 0.644829 0.355171
     247   1   0   1   3  12     0     0       3.591422 0.854411 0.145589
     246   1   0   0   3  12     0     0       3.333676 0.637194 0.362806
     245   1   0   1   2  12     0     0       3.695317 0.849362 0.150638
     244   1   0   0   2  12     0     0       3.444026 0.628907 0.371093
     243   1   0   1   1  12     0     0       3.807819 0.843867 0.156133
     242   1   0   0   1  12     0     0       3.563519 0.620024 0.379976
     241   1   0   1   0  12     0     0       3.928684 0.837939 0.162061
     240   1   0   0   0  12     0     0       3.691887 0.610596 0.389404
     239   1   0   1   9  11     0     0       3.222339 0.873007 0.126993
     238   1   0   0   9  11     0     0       2.940508 0.668823 0.331177
     237   1   0   1   8  11     0     0       3.248036 0.871770 0.128230
     236   1   0   0   8  11     0     0       2.967825 0.666661 0.333339
     235   1   0   1   7  11     0     0       3.293410 0.869586 0.130414
     234   1   0   0   7  11     0     0       3.016052 0.662866 0.337134
     233   1   0   1   6  11     0     0       3.354384 0.866650 0.133350
     232   1   0   0   6  11     0     0       3.080848 0.657806 0.342194
     231   1   0   1   5  11     0     0       3.428240 0.863095 0.136905
     230   1   0   0   5  11     0     0       3.159314 0.651739 0.348261
     229   1   0   1   4  11     0     0       3.513184 0.859002 0.140998
     228   1   0   0   4  11     0     0       3.249541 0.644835 0.355165
     227   1   0   1   3  11     0     0       3.608044 0.854421 0.145579
     226   1   0   0   3  11     0     0       3.350285 0.637210 0.362790
     225   1   0   1   2  11     0     0       3.712061 0.849381 0.150619
     224   1   0   0   2  11     0     0       3.460745 0.628938 0.371062
     223   1   0   1   1  11     0     0       3.824768 0.843899 0.156101
     222   1   0   0   1  11     0     0       3.580427 0.620075 0.379925
     221   1   0   1   0  11     0     0       3.945924 0.837984 0.162016
     220   1   0   0   0  11     0     0       3.709071 0.610666 0.389334
     219   1   0   1   9  10     0     0       3.237213 0.873007 0.126993
     218   1   0   0   9  10     0     0       2.955382 0.668823 0.331177
     217   1   0   1   8  10     0     0       3.262910 0.871770 0.128230
     216   1   0   0   8  10     0     0       2.982699 0.666661 0.333339
     215   1   0   1   7  10     0     0       3.308284 0.869586 0.130414
     214   1   0   0   7  10     0     0       3.030926 0.662866 0.337134
     213   1   0   1   6  10     0     0       3.369259 0.866651 0.133349
     212   1   0   0   6  10     0     0       3.095723 0.657807 0.342193
     211   1   0   1   5  10     0     0       3.443120 0.863096 0.136904
     210   1   0   0   5  10     0     0       3.174193 0.651740 0.348260
     209   1   0   1   4  10     0     0       3.528081 0.859004 0.140996
     208   1   0   0   4  10     0     0       3.264435 0.644840 0.355160
     207   1   0   1   3  10     0     0       3.622985 0.854428 0.145572
     206   1   0   0   3  10     0     0       3.365218 0.637221 0.362779
     205   1   0   1   2  10     0     0       3.727095 0.849396 0.150604
     204   1   0   0   2  10     0     0       3.475761 0.628962 0.371038
     203   1   0   1   1  10     0     0       3.839962 0.843923 0.156077
     202   1   0   0   1  10     0     0       3.595590 0.620115 0.379885
     201   1   0   1   0  10     0     0       3.961354 0.838020 0.161980
     200   1   0   0   0  10     0     0       3.724456 0.610724 0.389276
     199   1   0   1   9   9     0     0       3.250600 0.873007 0.126993
     198   1   0   0   9   9     0     0       2.968769 0.668823 0.331177
     197   1   0   1   8   9     0     0       3.276297 0.871770 0.128230
     196   1   0   0   8   9     0     0       2.996086 0.666661 0.333339
     195   1   0   1   7   9     0     0       3.321671 0.869586 0.130414
     194   1   0   0   7   9     0     0       3.044313 0.662866 0.337134
     193   1   0   1   6   9     0     0       3.382647 0.866651 0.133349
     192   1   0   0   6   9     0     0       3.109110 0.657807 0.342193
     191   1   0   1   5   9     0     0       3.456511 0.863096 0.136904
     190   1   0   0   5   9     0     0       3.187583 0.651741 0.348259
     189   1   0   1   4   9     0     0       3.541483 0.859006 0.140994
     188   1   0   0   4   9     0     0       3.277835 0.644843 0.355157
     187   1   0   1   3   9     0     0       3.636419 0.854433 0.145567
     186   1   0   0   3   9     0     0       3.378645 0.637230 0.362770
     185   1   0   1   2   9     0     0       3.740599 0.849407 0.150593
     184   1   0   0   2   9     0     0       3.489251 0.628979 0.371021
     183   1   0   1   1   9     0     0       3.853590 0.843943 0.156057
     182   1   0   0   1   9     0     0       3.609193 0.620146 0.379854
     181   1   0   1   0   9     0     0       3.975172 0.838050 0.161950
     180   1   0   0   0   9     0     0       3.738236 0.610771 0.389229
     177   1   0   1   8   8     0     0       3.288345 0.871770 0.128230
     176   1   0   0   8   8     0     0       3.008134 0.666661 0.333339
     175   1   0   1   7   8     0     0       3.333719 0.869586 0.130414
     174   1   0   0   7   8     0     0       3.056361 0.662866 0.337134
     173   1   0   1   6   8     0     0       3.394695 0.866651 0.133349
     172   1   0   0   6   8     0     0       3.121159 0.657807 0.342193
     171   1   0   1   5   8     0     0       3.468561 0.863096 0.136904
     170   1   0   0   5   8     0     0       3.199633 0.651742 0.348258
     169   1   0   1   4   8     0     0       3.553542 0.859007 0.140993
     168   1   0   0   4   8     0     0       3.289892 0.644845 0.355155
     167   1   0   1   3   8     0     0       3.648501 0.854437 0.145563
     166   1   0   0   3   8     0     0       3.390722 0.637236 0.362764
     165   1   0   1   2   8     0     0       3.752732 0.849415 0.150585
     164   1   0   0   2   8     0     0       3.501373 0.628993 0.371007
     163   1   0   1   1   8     0     0       3.865819 0.843958 0.156042
     162   1   0   0   1   8     0     0       3.621402 0.620170 0.379830
     161   1   0   1   0   8     0     0       3.987552 0.838073 0.161927
     160   1   0   0   0   8     0     0       3.750586 0.610808 0.389192
     155   1   0   1   7   7     0     0       3.344562 0.869586 0.130414
     154   1   0   0   7   7     0     0       3.067204 0.662866 0.337134
     153   1   0   1   6   7     0     0       3.405539 0.866651 0.133349
     152   1   0   0   6   7     0     0       3.132002 0.657807 0.342193
     151   1   0   1   5   7     0     0       3.479406 0.863097 0.136903
     150   1   0   0   5   7     0     0       3.210478 0.651742 0.348258
     149   1   0   1   4   7     0     0       3.564392 0.859008 0.140992
     148   1   0   0   4   7     0     0       3.300741 0.644847 0.355153
     147   1   0   1   3   7     0     0       3.659368 0.854439 0.145561
     146   1   0   0   3   7     0     0       3.401586 0.637240 0.362760
     145   1   0   1   2   7     0     0       3.763637 0.849421 0.150579
     144   1   0   0   2   7     0     0       3.512270 0.629003 0.370997
     143   1   0   1   1   7     0     0       3.876796 0.843970 0.156030
     142   1   0   0   1   7     0     0       3.632365 0.620189 0.379811
     141   1   0   1   0   7     0     0       3.998649 0.838092 0.161908
     140   1   0   0   0   7     0     0       3.761659 0.610838 0.389162
     133   1   0   1   6   6     0     0       3.415298 0.866651 0.133349
     132   1   0   0   6   6     0     0       3.141761 0.657807 0.342193
     131   1   0   1   5   6     0     0       3.489166 0.863097 0.136903
     130   1   0   0   5   6     0     0       3.220238 0.651742 0.348258
     129   1   0   1   4   6     0     0       3.574156 0.859009 0.140991
     128   1   0   0   4   6     0     0       3.310504 0.644848 0.355152
     127   1   0   1   3   6     0     0       3.669143 0.854441 0.145559
     126   1   0   0   3   6     0     0       3.411359 0.637243 0.362757
     125   1   0   1   2   6     0     0       3.773440 0.849426 0.150574
     124   1   0   0   2   6     0     0       3.522067 0.629010 0.370990
     123   1   0   1   1   6     0     0       3.886654 0.843978 0.156022
     122   1   0   0   1   6     0     0       3.642212 0.620203 0.379797
     121   1   0   1   0   6     0     0       4.008601 0.838107 0.161893
     120   1   0   0   0   6     0     0       3.771592 0.610861 0.389139
     111   1   0   1   5   5     0     0       3.497950 0.863097 0.136903
     110   1   0   0   5   5     0     0       3.229021 0.651742 0.348258
     109   1   0   1   4   5     0     0       3.582942 0.859009 0.140991
     108   1   0   0   4   5     0     0       3.319290 0.644848 0.355152
     107   1   0   1   3   5     0     0       3.677937 0.854443 0.145557
     106   1   0   0   3   5     0     0       3.420151 0.637245 0.362755
     105   1   0   1   2   5     0     0       3.782254 0.849429 0.150571
     104   1   0   0   2   5     0     0       3.530878 0.629015 0.370985
     103   1   0   1   1   5     0     0       3.895511 0.843985 0.156015
     102   1   0   0   1   5     0     0       3.651060 0.620213 0.379787
     101   1   0   1   0   5     0     0       4.017529 0.838119 0.161881
     100   1   0   0   0   5     0     0       3.780506 0.610879 0.389121
      89   1   0   1   4   4     0     0       3.590849 0.859010 0.140990
      88   1   0   0   4   4     0     0       3.327196 0.644849 0.355151
      87   1   0   1   3   4     0     0       3.685850 0.854444 0.145556
      86   1   0   0   3   4     0     0       3.428063 0.637247 0.362753
      85   1   0   1   2   4     0     0       3.790181 0.849431 0.150569
      84   1   0   0   2   4     0     0       3.538802 0.629019 0.370981
      83   1   0   1   1   4     0     0       3.903469 0.843990 0.156010
      82   1   0   0   1   4     0     0       3.659012 0.620221 0.379779
      81   1   0   1   0   4     0     0       4.025543 0.838128 0.161872
      80   1   0   0   0   4     0     0       3.788509 0.610894 0.389106
      67   1   0   1   3   3     0     0       3.692970 0.854444 0.145556
      66   1   0   0   3   3     0     0       3.435182 0.637248 0.362752
      65   1   0   1   2   3     0     0       3.797311 0.849433 0.150567
      64   1   0   0   2   3     0     0       3.545930 0.629022 0.370978
      63   1   0   1   1   3     0     0       3.910622 0.843994 0.156006
      62   1   0   0   1   3     0     0       3.666160 0.620227 0.379773
      61   1   0   1   0   3     0     0       4.032739 0.838135 0.161865
      60   1   0   0   0   3     0     0       3.795696 0.610904 0.389096
      45   1   0   1   2   2     0     0       3.803725 0.849434 0.150566
      44   1   0   0   2   2     0     0       3.552342 0.629024 0.370976
      43   1   0   1   1   2     0     0       3.917053 0.843997 0.156003
      42   1   0   0   1   2     0     0       3.672587 0.620232 0.379768
      41   1   0   1   0   2     0     0       4.039202 0.838140 0.161860
      40   1   0   0   0   2     0     0       3.802152 0.610913 0.389087
      23   1   0   1   1   1     0     0       3.922835 0.843999 0.156001
      22   1   0   0   1   1     0     0       3.678367 0.620235 0.379765
      21   1   0   1   0   1     0     0       4.045010 0.838144 0.161856
      20   1   0   0   0   1     0     0       3.807955 0.610919 0.389081
       0   1   0   0   0   0     0     0       3.813170 0.610924 0.389076
     ------------------------------------------------------------------------------
