Output of GetStartedData
---------------------------
-------------------- DP Model Summary ------------------------
1. CLOCK
    0. Infinite Horizon
2. STATE VARIABLES
              |eps   |eta |theta -clock        |gamma
                p    s21      d      t     t'      r      f
       s.N     10      1      2      1      1      1      1


     Transition Categories (not counting placeholders and variables with N=1)
                 NonRandom       Random   Coevolving    Augmented       Timing    Invariant
     #Vars               1            1            0            0            0            0

3. SIZE OF SPACES

                       Number of Points
    Exogenous(Epsilon)               10
    SemiExogenous(Eta)                1
     Endogenous(Theta)                2
                 Times                1
         EV()Iterating                2
      ChoiceProb.track                2
  Random Groups(Gamma)                1
   Fixed Groups(Gamma)                1
       Total Untrimmed               20

4. ACTION VARIABLES
   Number of Distinct action vectors: 2
             a
    a.N      2


5. TRIMMING AND SUBSAMPLING OF THE ENDOGENOUS STATE SPACE (Theta)
                             N
    TotalReachable           2
         Terminal            1
     Approximated            0
    tfirsts (t=0..T)         0
                             2

6. FEASIBLE ACTION SETS
 
    alpha       A[0]     A[1]   
    -------------------------------
    (0)           X        X        
    (1)           X        -        
   #States        1        1
    -------------------------------
    Key: X = row vector is feasible. - = infeasible


     Value of States and Choice Probabilities
     ------------------------------------------------------------------------------
    Indx   I   T   A   d   t     r     f       EV      |Choice Probabilities:         
       1   1   1   1   1   0     0     0       0.000000 1.000000 0.000000
       0   1   0   0   0   0     0     0      -6.258890 0.300000 0.700000
     ------------------------------------------------------------------------------
 FPanel Simulation time: 0

PanelFxedpath t  n  T Aj|   p s21   d   t  t'   r   f|ai|      a      U      p                                                               
   0   0   0 0  0  0   0   3   0   0   0   0   0   0   1  1.000 -5.300  0.000  0.000  0.000  1.000  0.000  0.000  0.000  0.000  0.000  0.000
   0   0   1 0  0  0   0   5   0   0   0   0   0   0   1  1.000 -7.300  0.000  0.000  0.000  0.000  0.000  1.000  0.000  0.000  0.000  0.000
   0   0   2 0  0  0   0   7   0   0   0   0   0   0   0  0.000 -2.300  0.000  0.000  0.000  0.000  0.000  0.000  0.000  1.000  0.000  0.000
   0   0   2 1  0  0   0   0   0   0   0   0   0   0   1  1.000 -2.300  1.000  0.000  0.000  0.000  0.000  0.000  0.000  0.000  0.000  0.000
   0   0   3 0  0  0   0   4   0   0   0   0   0   0   1  1.000 -6.300  0.000  0.000  0.000  0.000  1.000  0.000  0.000  0.000  0.000  0.000
   0   0   4 0  0  0   0   1   0   0   0   0   0   0   1  1.000 -3.300  0.000  1.000  0.000  0.000  0.000  0.000  0.000  0.000  0.000  0.000
   0   0   5 0  0  0   0   5   0   0   0   0   0   0   1  1.000 -7.300  0.000  0.000  0.000  0.000  0.000  1.000  0.000  0.000  0.000  0.000
   0   0   6 0  0  0   0   6   0   0   0   0   0   0   1  1.000 -8.300  0.000  0.000  0.000  0.000  0.000  0.000  1.000  0.000  0.000  0.000
   0   0   7 0  0  0   0   8   0   0   0   0   0   0   0  0.000 -2.300  0.000  0.000  0.000  0.000  0.000  0.000  0.000  0.000  1.000  0.000
   0   0   7 1  0  0   0   0   0   0   0   0   0   0   1  1.000 -2.300  1.000  0.000  0.000  0.000  0.000  0.000  0.000  0.000  0.000  0.000
   0   0   8 0  0  0   0   5   0   0   0   0   0   0   1  1.000 -7.300  0.000  0.000  0.000  0.000  0.000  1.000  0.000  0.000  0.000  0.000
   0   0   9 0  0  0   0   5   0   0   0   0   0   0   1  1.000 -7.300  0.000  0.000  0.000  0.000  0.000  1.000  0.000  0.000  0.000  0.000
   0   0  10 0  0  0   0   5   0   0   0   0   0   0   1  1.000 -7.300  0.000  0.000  0.000  0.000  0.000  1.000  0.000  0.000  0.000  0.000
   0   0  11 0  0  0   0   9   0   0   0   0   0   0   0  0.000 -2.300  0.000  0.000  0.000  0.000  0.000  0.000  0.000  0.000  0.000  1.000
   0   0  11 1  0  0   0   4   0   0   0   0   0   0   1  1.000 -6.300  0.000  0.000  0.000  0.000  1.000  0.000  0.000  0.000  0.000  0.000
   0   0  12 0  0  0   0   8   0   0   0   0   0   0   0  0.000 -2.300  0.000  0.000  0.000  0.000  0.000  0.000  0.000  0.000  1.000  0.000
   0   0  12 1  0  0   0   1   0   0   0   0   0   0   1  1.000 -3.300  0.000  1.000  0.000  0.000  0.000  0.000  0.000  0.000  0.000  0.000
   0   0  13 0  0  0   0   1   0   0   0   0   0   0   1  1.000 -3.300  0.000  1.000  0.000  0.000  0.000  0.000  0.000  0.000  0.000  0.000
   0   0  14 0  0  0   0   7   0   0   0   0   0   0   0  0.000 -2.300  0.000  0.000  0.000  0.000  0.000  0.000  0.000  1.000  0.000  0.000
   0   0  14 1  0  0   0   8   0   0   0   0   0   0   0  0.000 -2.300  0.000  0.000  0.000  0.000  0.000  0.000  0.000  0.000  1.000  0.000
   0   0  14 2  0  0   0   9   0   0   0   0   0   0   0  0.000 -2.300  0.000  0.000  0.000  0.000  0.000  0.000  0.000  0.000  0.000  1.000
   0   0  14 3  0  0   0   8   0   0   0   0   0   0   0  0.000 -2.300  0.000  0.000  0.000  0.000  0.000  0.000  0.000  0.000  1.000  0.000
   0   0  14 4  0  0   0   5   0   0   0   0   0   0   1  1.000 -7.300  0.000  0.000  0.000  0.000  0.000  1.000  0.000  0.000  0.000  0.000

Added to the observed list: a p d U .

Outcome Summary: Search Data

observed     0     1     1     0     1     0     0     0     0     1     0
force0       0     0     0     1     0     1     1     1     1     1     0
column      -1    -1    -1    -1    -1    -1    -1    -1    -1    -1    -1


        sample size         mean      st.dev.          min          max
f            23.000      0.00000      0.00000      0.00000      0.00000
i            23.000      0.00000      0.00000      0.00000      0.00000
t            23.000       8.3913       4.6508      0.00000       14.000
track        23.000      0.60870       1.0525      0.00000       4.0000
term         23.000      0.00000      0.00000      0.00000      0.00000
Ai           23.000      0.00000      0.00000      0.00000      0.00000
p            23.000      0.00000      0.00000      0.00000      0.00000
s21          23.000       4.9565       2.8049      0.00000       9.0000
d            23.000      0.00000      0.00000      0.00000      0.00000
t            23.000      0.00000      0.00000      0.00000      0.00000
t'           23.000      0.00000      0.00000      0.00000      0.00000
r            23.000      0.00000      0.00000      0.00000      0.00000
f            23.000      0.00000      0.00000      0.00000      0.00000
Arow         23.000      0.00000      0.00000      0.00000      0.00000
a            23.000      0.65217      0.47628      0.00000       1.0000
U            23.000      0.65217      0.47628      0.00000       1.0000
p            23.000      -4.4739       2.2965      -8.3000      -2.3000
p            23.000     0.086957      0.28177      0.00000       1.0000
p            23.000      0.13043      0.33678      0.00000       1.0000
p            23.000      0.00000      0.00000      0.00000      0.00000
p            23.000     0.043478      0.20393      0.00000       1.0000
p            23.000     0.086957      0.28177      0.00000       1.0000
p            23.000      0.26087      0.43911      0.00000       1.0000
p            23.000     0.043478      0.20393      0.00000       1.0000
p            23.000     0.086957      0.28177      0.00000       1.0000
p            23.000      0.17391      0.37903      0.00000       1.0000
             23.000     0.086957      0.28177      0.00000       1.0000
Data set summary 0
Vector of likelihoods when offered price is observed:
       1.0000
       1.0000
       1.0000
       1.0000
       1.0000
       1.0000
       1.0000
       1.0000
       1.0000
       1.0000
       1.0000
       1.0000
       1.0000
       1.0000
       1.0000

Outcome Summary: Search Data

observed     0     1     0     0     1     0     0     0     0     1     0
force0       0     0     0     1     0     1     1     1     1     1     0
column      -1    -1    -1    -1    -1    -1    -1    -1    -1    -1    -1


        sample size         mean      st.dev.          min          max
f            23.000      0.00000      0.00000      0.00000      0.00000
i            23.000      0.00000      0.00000      0.00000      0.00000
t            23.000       8.3913       4.6508      0.00000       14.000
track        23.000      0.60870       1.0525      0.00000       4.0000
term         23.000      0.00000      0.00000      0.00000      0.00000
Ai           23.000      0.00000      0.00000      0.00000      0.00000
p            23.000      0.00000      0.00000      0.00000      0.00000
s21          23.000       4.9565       2.8049      0.00000       9.0000
d            23.000      0.00000      0.00000      0.00000      0.00000
t            23.000      0.00000      0.00000      0.00000      0.00000
t'           23.000      0.00000      0.00000      0.00000      0.00000
r            23.000      0.00000      0.00000      0.00000      0.00000
f            23.000      0.00000      0.00000      0.00000      0.00000
Arow         23.000      0.00000      0.00000      0.00000      0.00000
a            23.000      0.65217      0.47628      0.00000       1.0000
U            23.000      0.65217      0.47628      0.00000       1.0000
p            23.000      -4.4739       2.2965      -8.3000      -2.3000
p            23.000     0.086957      0.28177      0.00000       1.0000
p            23.000      0.13043      0.33678      0.00000       1.0000
p            23.000      0.00000      0.00000      0.00000      0.00000
p            23.000     0.043478      0.20393      0.00000       1.0000
p            23.000     0.086957      0.28177      0.00000       1.0000
p            23.000      0.26087      0.43911      0.00000       1.0000
p            23.000     0.043478      0.20393      0.00000       1.0000
p            23.000     0.086957      0.28177      0.00000       1.0000
p            23.000      0.17391      0.37903      0.00000       1.0000
             23.000     0.086957      0.28177      0.00000       1.0000
Data set summary 0
Vector of likelihoods when offered prices is unobserved:
      0.70000
      0.70000
      0.21000
      0.70000
      0.70000
      0.70000
      0.70000
      0.21000
      0.70000
      0.70000
      0.70000
      0.21000
      0.21000
      0.70000
    0.0056700

       t       p                                                                                
  0.0000  0.0000  0.0000  0.0000  0.0000  0.0000  0.0000  0.0000  0.0000  0.0000  0.0000  1.0000
  0.0000  1.0000  0.0000  0.0000  0.0000  0.0000  0.0000  0.0000  0.0000  0.0000  0.0000  1.0000
  0.0000  2.0000  0.0000  0.0000  0.0000  0.0000  0.0000  0.0000  0.0000  0.0000  0.0000  0.3000
  0.0000  3.0000  0.0000  0.0000  0.0000  0.0000  0.0000  0.0000  0.0000  0.0000  0.0000  0.0900
  0.0000  4.0000  0.0000  0.0000  0.0000  0.0000  0.0000  0.0000  0.0000  0.0000  0.0000  0.0270
  0.0000  5.0000  0.0000  0.0000  0.0000  0.0000  0.0000  0.0000  0.0000  0.0000  0.0000  0.0081

