Output of Replications:GilleskieEmet1998
---------------------------
DP::Intialize is complete. Action and State spaces are empty.
 Log file name is: logs//DP-DDP-16-10-2018-15-13-47.log
-------------------- DP Model Summary ------------------------
0. USER BELLMAN CLASS
    DynaHealth
1. CLOCK
    1. Ergodic
2. STATE VARIABLES
              |eps   |eta |theta                      -clock        |gamma
              s11    s21   visi   abse      t      k      t     t'      r      f
       s.N      1      1      3      4      5      3      1      1      1      1


     Transition Categories (not counting placeholders and variables with N=1)
                 NonRandom       Random   Coevolving    Augmented       Timing    Invariant
     #Vars               2            0            0            2            0            0

3. SIZE OF SPACES

                       Number of Points
    Exogenous(Epsilon)                1
    SemiExogenous(Eta)                1
     Endogenous(Theta)              180
                 Times                1
         EV()Iterating              180
      ChoiceProb.track              180
         Random Groups                1
 Dynamic Random Groups                1
          Fixed Groups                1
   Total Groups(Gamma)                1
       Total Untrimmed              180

4. ACTION VARIABLES
   Number of Distinct action vectors: 4
          work   seek
    a.N      2      2


5. TRIMMING AND SUBSAMPLING OF THE ENDOGENOUS STATE SPACE (Theta)
                             N
    TotalReachable          77
         Terminal            0
     Approximated            0
    tfirsts (t=0..T)         0
                            77

6. FEASIBLE ACTION SETS
 
i    [ws]       A[0]     A[1]   
------------------------------------
000 (00)          X        -        
001 (10)          X        X        
002 (01)          X        -        
003 (11)          X        -        
   #States       76        1
-----------------------------------
    Key: X = row vector is feasible. - = infeasible


     Value of States and Choice Probabilities
     ------------------------------------------------------------------------------
    Indx   T   Avisiabse   t   k   t     r     f       EV      |Choice Probabilities:                           
     179   1   0   2   3   4   2   0     0     0    -139.345000 0.000000 1.000000 0.000000 0.000000
     178   1   0   1   3   4   2   0     0     0    -139.345000 0.000000 1.000000 0.000000 0.000000
     177   1   0   0   3   4   2   0     0     0    -139.345000 0.000000 1.000000 0.000000 0.000000
     176   1   0   2   2   4   2   0     0     0    -139.345000 0.000000 1.000000 0.000000 0.000000
     175   1   0   1   2   4   2   0     0     0    -139.345000 0.000000 1.000000 0.000000 0.000000
     174   1   0   0   2   4   2   0     0     0    -139.345000 0.000000 1.000000 0.000000 0.000000
     173   1   0   2   1   4   2   0     0     0    -139.345000 0.000000 1.000000 0.000000 0.000000
     172   1   0   1   1   4   2   0     0     0    -139.345000 0.000000 1.000000 0.000000 0.000000
     171   1   0   0   1   4   2   0     0     0    -139.345000 0.000000 1.000000 0.000000 0.000000
     170   1   0   2   0   4   2   0     0     0    -139.345000 0.000000 1.000000 0.000000 0.000000
     169   1   0   1   0   4   2   0     0     0    -139.345000 0.000000 1.000000 0.000000 0.000000
     168   1   0   0   0   4   2   0     0     0     609.020746 0.000000 1.000000 0.000000 0.000000
     167   1   0   2   3   3   2   0     0     0    -149.934611 0.000000 1.000000 0.000000 0.000000
     166   1   0   1   3   3   2   0     0     0    -151.854759 0.000000 1.000000 0.000000 0.000000
     165   1   0   0   3   3   2   0     0     0    -152.220939 0.000000 1.000000 0.000000 0.000000
     164   1   0   2   2   3   2   0     0     0    -262.235661 0.000000 1.000000 0.000000 0.000000
     163   1   0   1   2   3   2   0     0     0    -262.506255 0.000000 1.000000 0.000000 0.000000
     162   1   0   0   2   3   2   0     0     0    -262.426254 0.000000 1.000000 0.000000 0.000000
     161   1   0   2   1   3   2   0     0     0    -264.592338 0.000000 1.000000 0.000000 0.000000
     160   1   0   1   1   3   2   0     0     0    -264.599990 0.000000 1.000000 0.000000 0.000000
     159   1   0   0   1   3   2   0     0     0    -264.583091 0.000000 1.000000 0.000000 0.000000
     158   1   0   2   0   3   2   0     0     0    -264.407754 0.000000 1.000000 0.000000 0.000000
     157   1   0   1   0   3   2   0     0     0    -264.400891 0.000000 1.000000 0.000000 0.000000
     156   1   0   0   0   3   2   0     0     0     409.445128 0.000000 1.000000 0.000000 0.000000
     152   1   0   2   2   2   2   0     0     0    -327.944836 1.000000 0.000000 0.000000 0.000000
     151   1   0   1   2   2   2   0     0     0    -330.810410 1.000000 0.000000 0.000000 0.000000
     150   1   0   0   2   2   2   0     0     0    -331.361290 1.000000 0.000000 0.000000 0.000000
     149   1   0   2   1   2   2   0     0     0    -377.250927 0.000000 1.000000 0.000000 0.000000
     148   1   0   1   1   2   2   0     0     0    -377.268467 0.000000 1.000000 0.000000 0.000000
     147   1   0   0   1   2   2   0     0     0    -377.229733 0.000000 1.000000 0.000000 0.000000
     146   1   0   2   0   2   2   0     0     0    -376.827947 0.000000 1.000000 0.000000 0.000000
     145   1   0   1   0   2   2   0     0     0    -376.812222 0.000000 1.000000 0.000000 0.000000
     144   1   0   0   0   2   2   0     0     0     230.090112 0.000000 1.000000 0.000000 0.000000
     136   1   0   1   1   1   2   0     0     0    -478.678162 0.000000 1.000000 0.000000 0.000000
     135   1   0   0   1   1   2   0     0     0    -478.620656 0.000000 1.000000 0.000000 0.000000
     133   1   0   1   0   1   2   0     0     0    -478.000845 0.000000 1.000000 0.000000 0.000000
     132   1   0   0   0   1   2   0     0     0      68.635689 0.000000 1.000000 0.000000 0.000000
     120   1   0   0   0   0   2   0     0     0     -76.868603 0.000000 1.000000 0.000000 0.000000
     119   1   0   2   3   4   1   0     0     0   -3034.257000 0.000000 1.000000 0.000000 0.000000
     118   1   0   1   3   4   1   0     0     0   -3034.257000 0.000000 1.000000 0.000000 0.000000
     117   1   0   0   3   4   1   0     0     0   -3034.257000 0.000000 1.000000 0.000000 0.000000
     116   1   0   2   2   4   1   0     0     0   -3034.257000 0.000000 1.000000 0.000000 0.000000
     115   1   0   1   2   4   1   0     0     0   -3034.257000 0.000000 1.000000 0.000000 0.000000
     114   1   0   0   2   4   1   0     0     0   -3034.257000 0.000000 1.000000 0.000000 0.000000
     113   1   0   2   1   4   1   0     0     0   -3034.257000 0.000000 1.000000 0.000000 0.000000
     112   1   0   1   1   4   1   0     0     0   -3034.257000 0.000000 1.000000 0.000000 0.000000
     111   1   0   0   1   4   1   0     0     0   -3034.257000 0.000000 1.000000 0.000000 0.000000
     110   1   0   2   0   4   1   0     0     0   -3034.257000 0.000000 1.000000 0.000000 0.000000
     109   1   0   1   0   4   1   0     0     0   -3034.257000 0.000000 1.000000 0.000000 0.000000
     108   1   0   0   0   4   1   0     0     0   -2285.891254 0.000000 1.000000 0.000000 0.000000
     107   1   0   2   3   3   1   0     0     0   -5381.853677 0.000000 1.000000 0.000000 0.000000
     106   1   0   1   3   3   1   0     0     0   -5382.972448 0.000000 1.000000 0.000000 0.000000
     105   1   0   0   3   3   1   0     0     0   -5384.350682 0.000000 1.000000 0.000000 0.000000
     104   1   0   2   2   3   1   0     0     0   -5385.332583 0.000000 1.000000 0.000000 0.000000
     103   1   0   1   2   3   1   0     0     0   -5386.344982 0.000000 1.000000 0.000000 0.000000
     102   1   0   0   2   3   1   0     0     0   -5387.615428 0.000000 1.000000 0.000000 0.000000
     101   1   0   2   1   3   1   0     0     0   -5388.330510 0.000000 1.000000 0.000000 0.000000
     100   1   0   1   1   3   1   0     0     0   -5389.238968 0.000000 1.000000 0.000000 0.000000
      99   1   0   0   1   3   1   0     0     0   -5390.404281 0.000000 1.000000 0.000000 0.000000
      98   1   0   2   0   3   1   0     0     0   -5390.856636 0.000000 1.000000 0.000000 0.000000
      97   1   0   1   0   3   1   0     0     0   -5391.663272 0.000000 1.000000 0.000000 0.000000
      96   1   0   0   0   3   1   0     0     0   -4708.992277 0.000000 1.000000 0.000000 0.000000
      92   1   0   2   2   2   1   0     0     0   -7341.736764 0.000000 1.000000 0.000000 0.000000
      91   1   0   1   2   2   1   0     0     0   -7344.030879 0.000000 1.000000 0.000000 0.000000
      90   1   0   0   2   2   1   0     0     0   -7346.910161 0.000000 1.000000 0.000000 0.000000
      89   1   0   2   1   2   1   0     0     0   -7348.531000 0.000000 1.000000 0.000000 0.000000
      88   1   0   1   1   2   1   0     0     0   -7350.590374 0.000000 1.000000 0.000000 0.000000
      87   1   0   0   1   2   1   0     0     0   -7353.232362 0.000000 1.000000 0.000000 0.000000
      86   1   0   2   0   2   1   0     0     0   -7354.258048 0.000000 1.000000 0.000000 0.000000
      85   1   0   1   0   2   1   0     0     0   -7356.087189 0.000000 1.000000 0.000000 0.000000
      84   1   0   0   0   2   1   0     0     0   -6728.633972 0.000000 1.000000 0.000000 0.000000
      76   1   0   1   1   1   1   0     0     0   -9128.261517 0.000000 1.000000 0.000000 0.000000
      75   1   0   0   1   1   1   0     0     0   -9132.179343 0.000000 1.000000 0.000000 0.000000
      73   1   0   1   0   1   1   0     0     0   -9136.413070 0.000000 1.000000 0.000000 0.000000
      72   1   0   0   0   1   1   0     0     0   -8558.944491 0.000000 1.000000 0.000000 0.000000
      60   1   0   0   0   0   1   0     0     0  -10324.644849 0.000000 1.000000 0.000000 0.000000
       0   1   1   0   0   0   0   0     0     0     831.517496 0.000000 1.000000 0.000000 0.000000
     ------------------------------------------------------------------------------
... finished.
[00] Run All (excluding sub-options)
[01] RustEmet1987
[02] BerkovecSternEmet1991
[03] KennetJAE1994
[04] RustEmet1987b
[05] WolpinJPE1984
[06] WolpinEmet1987
[07] RosenzweigWolpinJPE1993
[08] KeaneWolpinREStat1994
[09] GilleskieEmet1998
[10] A&M2002
[11] IJCEmet2009
[12] Ahn1995
[13] French2005
[-2]  Help on Menu
[-3]  Exit Ox
[-1]  go up to previous menu
