Output of KeaneWolpinREStat1994
---------------------------
-------------------- DP Model Summary ------------------------
Clock: 2. Normal Finite Horizon Aging
STATE VARIABLES
              |eps                        |eta |theta                      -clock        |gamma
             eps0   eps1   eps2   eps3    s21  atten     X0     X1     X2      t     t'    lnk      f
       s.N      5      5      5      5      1      2     10     10     10     15      1      3      1


Transition Categories (not counting fixed or time)
                 NonRandom       Random   Coevolving    Augmented
     #Vars               4            0            2            4

Size of Spaces
                           N
        Exogenous        625
    SemiExogenous          1
       Endogenous       2000
            Times         15
    EV()Iterating       2000
    Ch.Prob.track      30000
     Random Groups         3
     Fixed Groups          1
    TotalUntrimmed  56250000

ACTION VARIABLES (4 distinct actions)
         Accep
    i.N      4


TRIMMING AND SUBSAMPLING
                           N
    TotalReachable      5588
         Terminal          0
     Approximated        294
          tfirsts          1
                           9
                          29
                          69
                         139
                         251
                         419
                         659
                         989
                        1427
                        1987
                        2679
                        3509
                        4479
                        5587

ACTION SETS
    alpha       A[0]     A[1]   
    (0)           X        X    
    (1)           X        X    
    (2)           X        -    
    (3)           X        X    
#States        1428     4160
    Key: X = row vector is feasible. - = infeasible
Transition time: 46.5
Time 14 Updated: 1
1721 26603.7
1720 26603.7
1703 26835.1
1702 26835.1
1701 26135.4
1700 26135.4
1685 27082
1684 27082
1683 26369.1
1682 26369.1
1681 25694.3
1680 25694.3
1667 27345.4
1666 27345.4
1665 26618.4
1664 26618.4
1663 25930.2
1662 25930.2
1661 25278.9
1660 25278.9
1648 27626.1
1647 26884
1646 26884
1645 26181.7
1643 25516.9
1642 25516.9
1640 24887.8
1631 27936.8
1630 27936.8
1629 27178.1
1628 27178.1
1627 26460
1626 26460
1625 25780.4
1624 25780.4
1623 25137.1
1622 25137.1
1621 24528.3
1620 24528.3
1613 28352.3
1612 28352.3
1611 27571.4
1610 27571.4
1609 26832.2
1608 26832.2
1607 26132.7
1606 26132.7
1605 25470.6
1604 25470.6
1603 24846.5
1602 24846.5
1601 24304.2
1600 24304.2
1541 26254.8
1540 26254.8
1523 26417.6
1522 26417.6
1521 25791.1
1520 25791.1
1505 26640.4
1504 26640.4
1503 25956.2
1502 25956.2
1501 25354.4
1500 25354.4
1487 26883.7
1486 26883.7
1485 26181.4
1484 26181.4
1483 25521.7
1482 25521.7
1481 24943.2
1480 24943.2
1469 27143.1
1468 27143.1
1467 26426.9
1466 26426.9
1465 25749
1463 25112.5
1462 25112.5
1461 24555.9
1460 24555.9
1451 27419.6
1450 27419.6
1449 26688.6
1447 25996.8
1446 25996.8
1445 25341.9
1444 25341.9
1443 24727.2
1442 24727.2
1441 24200.4
1440 24200.4
1433 27725.7
1432 27725.7
1431 26978.3
1430 26978.3
1429 26271
1428 26271
1427 25601.4
1426 25601.4
1425 24967.7
1424 24967.7
1423 24386.4
1421 23932.3
1420 23932.3
1415 28135
1414 28135
1413 27365.7
1412 27365.7
1411 26637.6
1410 26637.6
1409 25948.5
1408 25948.5
1407 25296.2
1406 25296.2
1405 24695.7
1404 24695.7
1403 24167.7
1401 23725.3
1400 23725.3
1361 25933.4
1360 25933.4
1343 26082.9
1342 26082.9
1341 25474.3
1340 25474.3
1325 26243.3
1324 26243.3
1322 25626.1
1321 25042
1320 25042
1307 26448.7
1306 26448.7
1305 25788.8
1304 25788.8
1303 25196
1302 25196
1301 24634.9
1300 24634.9
1289 26688.3
1288 26688.3
1287 25996.4
1286 25996.4
1285 25360.8
1284 25360.8
1283 24790.9
1282 24790.9
1281 24251.5
1280 24251.5
1271 26943.9
1270 26943.9
1269 26238.3
1268 26238.3
1267 25570.6
1266 25570.6
1265 24957.7
1264 24957.7
1263 24409.3
1262 24409.3
1260 23911.3
1252 27216.3
1251 26496.1
1250 26496.1
1249 25814.6
1248 25814.6
1247 25169.5
1246 25169.5
1245 24578.1
1244 24578.1
1243 24076.9
1242 24076.9
1241 23639.3
1240 23639.3
1235 27517.8
1234 27517.8
1233 26781.5
1232 26781.5
1231 26084.7
1230 26084.7
1229 25425.1
1228 25425.1
1227 24800.9
1226 24800.9
1225 24260.1
1224 24260.1
1223 23812.7
1222 23812.7
1221 23389.3
1217 27921
1216 27921
1215 27163.2
1214 27163.2
1213 26445.9
1212 26445.9
1211 25767
1210 25767
1209 25124.5
1208 25124.5
1207 24547
1206 24547
1205 24044.6
1204 24044.6
1203 23608.7
1202 23608.7
1201 23220.9
1200 23220.9
1181 25655.9
1180 25655.9
1163 25766.3
1162 25766.3
1161 25201.4
1160 25201.4
1145 25913.6
1144 25913.6
1143 25314.1
1142 25314.1
1141 24773.4
1140 24773.4
1127 26071.6
1126 26071.6
1125 25463.6
1124 25463.6
1123 24888.2
1122 24888.2
1121 24370.3
1120 24370.3
1109 26259.7
1108 26259.7
1107 25623.9
1106 25623.9
1105 25039.9
1104 25039.9
1103 24487.1
1102 24487.1
1101 23990.7
1100 23990.7
1091 26495.8
1090 26495.8
1089 25814.3
1088 25814.3
1087 25202.2
1086 25202.2
1085 24640.8
1084 24640.8
1083 24109.4
1082 24109.4
1081 23665.8
1080 23665.8
1073 26747.6
1072 26747.6
1071 26052.6
1070 26052.6
1069 25394.7
1068 25394.7
1067 24805.1
1066 24805.1
1065 24265
1064 24265
1063 23792.1
1062 23792.1
1061 23396.4
1060 23396.4
1055 27015.9
1054 27015.9
1053 26306.5
1052 26306.5
1051 25635.1
1050 25635.1
1048 24999.6
1047 24431.2
1046 24431.2
1045 23955.1
1044 23955.1
1043 23524.1
1042 23524.1
1041 23142.8
1040 23142.8
1036 27313
1035 26587.7
1034 26587.7
1033 25901.2
1032 25901.2
1031 25251.5
1030 25251.5
1029 24636.5
1028 24636.5
1027 24135.6
1026 24135.6
1024 23694.9
1023 23277.8
1022 23277.8
1021 22948.8
1020 22948.8
1019 27710.2
1018 27710.2
1017 26963.6
1016 26963.6
1015 26257
1014 26257
1013 25588.3
1012 25588.3
1011 24955.3
1010 24955.3
1008 24400.6
1007 23923.3
1006 23923.3
1005 23494
1004 23494
1003 23123.9
1002 23123.9
1001 22813.8
1000 22813.8
983 25505
982 25505
981 24970.4
980 24970.4
965 25601.7
964 25601.7
963 25057.2
962 25057.2
961 24546.6
960 24546.6
947 25746.8
946 25746.8
945 25156.2
944 25156.2
943 24635.6
942 24635.6
941 24147.6
940 24147.6
929 25902.5
928 25902.5
926 25303.6
925 24736.7
924 24736.7
923 24238.5
922 24238.5
921 23771.7
920 23771.7
911 26073.7
909 25461.4
908 25461.4
907 24886.1
906 24886.1
905 24341.6
904 24341.6
903 23864.5
902 23864.5
901 23461.9
900 23461.9
893 26306.2
892 26306.2
891 25634.8
890 25634.8
889 25046
888 25046
887 24493
886 24493
885 23969.5
884 23969.5
883 23562.2
882 23562.2
881 23195.2
880 23195.2
875 26554.2
874 26554.2
873 25869.5
872 25869.5
871 25221.5
870 25221.5
869 24654.9
868 24654.9
867 24122.7
866 24122.7
865 23674.6
864 23674.6
863 23296.8
862 23296.8
861 22944.1
857 26818.6
856 26818.6
854 26119.7
853 25458.3
852 25458.3
851 24832.3
850 24832.3
849 24286.5
848 24286.5
847 23835.2
846 23835.2
845 23410.5
843 23046.9
841 22757.8
840 22757.8
839 27111.2
838 27111.2
837 26396.7
836 26396.7
835 25720.4
834 25720.4
833 25080.4
832 25080.4
831 24477.2
830 24477.2
829 24013
828 24013
827 23578.8
826 23578.8
824 23168.9
823 22870.9
822 22870.9
821 22594.8
820 22594.8
819 26767
818 26767
817 26071
816 26071
815 25412.2
813 24796
812 24796
811 24256.3
810 24256.3
809 23803.9
808 23803.9
807 23385.9
806 23385.9
805 23028.4
804 23028.4
803 22737.9
802 22737.9
801 22478.4
800 22478.4
785 25356.2
784 25356.2
783 24829.7
782 24829.7
781 24342.5
780 24342.5
767 25446.6
766 25446.6
765 24915.2
764 24915.2
763 24412.2
762 24412.2
761 23947.4
