Output of DDP Tests:Non-Stationary Search
---------------------------
DP::Intialize is complete. Action and State spaces are empty.
 Log file name is: logs/DP-DDP-15-11-2019-14-50-53.log
Action variable objected stored in d.  Label = 'd'.  Number of values: 2
-------------------- DP Model Summary ------------------------
0. USER BELLMAN CLASS
    Test11 | One Dimensional Choice  | Bellman
1. CLOCK
    3. Normal Finite Horizon Aging
2. STATE VARIABLES
              |eps   |eta |theta        -clock        |gamma
              s11    s21    off   done      t     t'      k      f
       s.N      1      1      2      2     27      1      2      1


     Transition Categories (not counting placeholders and variables with N=1)
                 NonRandom       Random   Coevolving    Augmented       Timing    Invariant
     #Vars               1            1            0            0            1            1

3. SIZE OF SPACES

                       Number of Points
    Exogenous(Epsilon)                1
    SemiExogenous(Eta)                1
   Endogenous(Theta_t)                4
                 Times               27
         EV()Iterating                4
      ChoiceProb.track              108
         Random Groups                2
 Dynamic Random Groups                2
          Fixed Groups                1
   Total Groups(Gamma)                2
       Total Untrimmed              216

4. ACTION VARIABLES
   Number of Distinct action vectors: 2
             d
    a.N      2


5. TRIMMING AND SUBSAMPLING OF THE ENDOGENOUS STATE SPACE (Theta)
                           N
    TotalReachable       105
         Terminal         52
     Approximated          0
Index of first state by t (t=0..T-1)
      0      1      5      9     13     17     21     25     29     33     37     41     45     49     53     57     61     65     69     73     77     81     85     89     93     97    101    105


6. FEASIBLE ACTION SETS
 
     i    [d]        A[0]     A[1]   
     ------------------------------------
     000 (0)           X        X        
     001 (1)           X        -        
        #States       26       79
     -----------------------------------
         Key: X = row vector is feasible. - = infeasible


7. AUXILIARY OUTCOMES
      
Ew      

-------------------- End of Model Summary ------------------------
Nothing tracked.  Will track everthing.
Tracking all actions, endogenous state and auxiliary variables

     Value of States and Choice Probabilities 
     Fixed Group Index(f): 0. Random Group Index(r): 0
     ------------------------------------------------------------------------------
    Indx   T   A offdone   t     r     f       EV      |Choice Probabilities:      z*                
     107   7   1   1   1  26     0     0        0.000000 0.902567 0.000000           .NaN
     106   7   1   0   1  26     0     0       10.000000 1.000000 0.000000
     105   3   0   1   0  26     0     0      120.000042 0.000833 0.999167       0.001000
     104   3   1   0   0  26     0     0        0.000000 1.000000 0.000000
     103   5   1   1   1  25     0     0        0.000000 0.000833 0.000000           .NaN
     102   5   1   0   1  25     0     0        0.000000 1.000000 0.000000
     101   1   0   1   0  25     0     0      123.983848 0.000000 1.000000      -0.055925
     100   1   1   0   0  25     0     0        3.883848 1.000000 0.000000
      99   5   1   1   1  24     0     0        0.000000 0.000000 0.000000           .NaN
      98   5   1   0   1  24     0     0        0.000000 1.000000 0.000000
      97   1   0   1   0  24     0     0      120.554064 0.093043 0.906957       0.117192
      96   1   1   0   0  24     0     0       11.619174 1.000000 0.000000
      95   5   1   1   1  23     0     0        0.000000 0.093043 0.000000           .NaN
      94   5   1   0   1  23     0     0        0.000000 1.000000 0.000000
      93   1   0   1   0  23     0     0      121.929161 0.168758 0.831242       0.221801
      92   1   1   0   0  23     0     0       22.080141 1.000000 0.000000
      91   5   1   1   1  22     0     0        0.000000 0.168758 0.000000           .NaN
      90   5   1   0   1  22     0     0        0.000000 1.000000 0.000000
      89   1   0   1   0  22     0     0      124.613287 0.252272 0.747728       0.348859
      88   1   1   0   0  22     0     0       34.785948 1.000000 0.000000
      87   5   1   1   1  21     0     0        0.000000 0.252272 0.000000           .NaN
      86   5   1   0   1  21     0     0        0.000000 1.000000 0.000000
      85   1   0   1   0  21     0     0      128.795885 0.335656 0.664344       0.490746
      84   1   1   0   0  21     0     0       48.974570 1.000000 0.000000
      83   5   1   1   1  20     0     0        0.000000 0.335656 0.000000           .NaN
      82   5   1   0   1  20     0     0        0.000000 1.000000 0.000000
      81   1   0   1   0  20     0     0      134.432910 0.413772 0.586228       0.640855
      80   1   1   0   0  20     0     0       63.985510 1.000000 0.000000
      79   5   1   1   1  19     0     0        0.000000 0.413772 0.000000           .NaN
      78   5   1   0   1  19     0     0        0.000000 1.000000 0.000000
      77   1   0   1   0  19     0     0      141.321807 0.484035 0.515965       0.794061
      76   1   1   0   0  19     0     0       79.306055 1.000000 0.000000
      75   5   1   1   1  18     0     0        0.000000 0.484035 0.000000           .NaN
      74   5   1   0   1  18     0     0        0.000000 1.000000 0.000000
      73   1   0   1   0  18     0     0      149.190573 0.545664 0.454336       0.946703
      72   1   1   0   0  18     0     0       94.570304 1.000000 0.000000
      71   5   1   1   1  17     0     0        0.000000 0.545664 0.000000           .NaN
      70   5   1   0   1  17     0     0        0.000000 1.000000 0.000000
      69   1   0   1   0  17     0     0      157.763039 0.598932 0.401068       1.096349
      68   1   1   0   0  17     0     0      109.534855 1.000000 0.000000
      67   5   1   1   1  16     0     0        0.000000 0.598932 0.000000           .NaN
      66   5   1   0   1  16     0     0        0.000000 1.000000 0.000000
      65   1   0   1   0  16     0     0      166.794121 0.644622 0.355378       1.241487
      64   1   1   0   0  16     0     0      124.048744 1.000000 0.000000
      63   5   1   1   1  15     0     0        0.000000 0.644622 0.000000           .NaN
      62   5   1   0   1  15     0     0        0.000000 1.000000 0.000000
      61   1   0   1   0  15     0     0      176.082833 0.683697 0.316303       1.381264
      60   1   1   0   0  15     0     0      138.026433 1.000000 0.000000
      59   5   1   1   1  14     0     0        0.000000 0.683697 0.000000           .NaN
      58   5   1   0   1  14     0     0        0.000000 1.000000 0.000000
      57   1   0   1   0  14     0     0      185.472631 0.717117 0.282883       1.515267
      56   1   1   0   0  14     0     0      151.426689 1.000000 0.000000
      55   5   1   1   1  13     0     0        0.000000 0.717117 0.000000           .NaN
      54   5   1   0   1  13     0     0        0.000000 1.000000 0.000000
      53   1   0   1   0  13     0     0      194.846036 0.745760 0.254240       1.643373
      52   1   1   0   0  13     0     0      164.237252 1.000000 0.000000
      51   5   1   1   1  12     0     0        0.000000 0.745760 0.000000           .NaN
      50   5   1   0   1  12     0     0        0.000000 1.000000 0.000000
      49   1   0   1   0  12     0     0      204.117523 0.770389 0.229611       1.765642
      48   1   1   0   0  12     0     0      176.464191 1.000000 0.000000
      47   5   1   1   1  11     0     0        0.000000 0.770389 0.000000           .NaN
      46   5   1   0   1  11     0     0        0.000000 1.000000 0.000000
      45   1   0   1   0  11     0     0      213.226627 0.791651 0.208349       1.882247
      44   1   1   0   0  11     0     0      188.124710 1.000000 0.000000
      43   5   1   1   1  10     0     0        0.000000 0.791651 0.000000           .NaN
      42   5   1   0   1  10     0     0        0.000000 1.000000 0.000000
      41   1   0   1   0  10     0     0      222.132013 0.810087 0.189913       1.993424
      40   1   1   0   0  10     0     0      199.242394 1.000000 0.000000
      39   5   1   1   1   9     0     0        0.000000 0.810087 0.000000           .NaN
      38   5   1   0   1   9     0     0        0.000000 1.000000 0.000000
      37   1   0   1   0   9     0     0      230.806691 0.826145 0.173855       2.099441
      36   1   1   0   0   9     0     0      209.844102 1.000000 0.000000
      35   5   1   1   1   8     0     0        0.000000 0.826145 0.000000           .NaN
      34   5   1   0   1   8     0     0        0.000000 1.000000 0.000000
      33   1   0   1   0   8     0     0      239.234284 0.840197 0.159803       2.200580
      32   1   1   0   0   8     0     0      219.957982 1.000000 0.000000
      31   5   1   1   1   7     0     0        0.000000 0.840197 0.000000           .NaN
      30   5   1   0   1   7     0     0        0.000000 1.000000 0.000000
      29   1   0   1   0   7     0     0      247.406174 0.852550 0.147450       2.297122
      28   1   1   0   0   7     0     0      229.612215 1.000000 0.000000
      27   5   1   1   1   6     0     0        0.000000 0.852550 0.000000           .NaN
      26   5   1   0   1   6     0     0        0.000000 1.000000 0.000000
      25   1   0   1   0   6     0     0      255.319368 0.863457 0.136543       2.389343
      24   1   1   0   0   6     0     0      238.834260 1.000000 0.000000
      23   5   1   1   1   5     0     0        0.000000 0.863457 0.000000           .NaN
      22   5   1   0   1   5     0     0        0.000000 1.000000 0.000000
      21   1   0   1   0   5     0     0      262.974888 0.873129 0.126871       2.477504
      20   1   1   0   0   5     0     0      247.650402 1.000000 0.000000
      19   5   1   1   1   4     0     0        0.000000 0.873129 0.000000           .NaN
      18   5   1   0   1   4     0     0        0.000000 1.000000 0.000000
      17   1   0   1   0   4     0     0      270.376584 0.881741 0.118259       2.561855
      16   1   1   0   0   4     0     0      256.085521 1.000000 0.000000
      15   5   1   1   1   3     0     0        0.000000 0.881741 0.000000           .NaN
      14   5   1   0   1   3     0     0        0.000000 1.000000 0.000000
      13   1   0   1   0   3     0     0      277.530259 0.889439 0.110561       2.642630
      12   1   1   0   0   3     0     0      264.162988 1.000000 0.000000
      11   5   1   1   1   2     0     0        0.000000 0.889439 0.000000           .NaN
      10   5   1   0   1   2     0     0        0.000000 1.000000 0.000000
       9   1   0   1   0   2     0     0      284.443017 0.896347 0.103653       2.720046
       8   1   1   0   0   2     0     0      271.904643 1.000000 0.000000
       7   5   1   1   1   1     0     0        0.000000 0.896347 0.000000           .NaN
       6   5   1   0   1   1     0     0        0.000000 1.000000 0.000000
       5   1   0   1   0   1     0     0      291.122790 0.902567 0.097433       2.794308
       4   1   1   0   0   1     0     0      279.330829 1.000000 0.000000
       0   1   1   0   0   0     0     0      286.460456 1.000000 0.000000
     ------------------------------------------------------------------------------
 Predicted Moments for fixed group: 0
    t           d         off        done          Ew            
    0      0.0000      0.0000      0.0000      0.0000      0.0000
    0      1.0000      0.0414      0.4250      0.0000      0.1654
    0      2.0000      0.0389      0.4087      0.0414      0.1523
    0      3.0000      0.0364      0.3598      0.0389      0.1399
    0      4.0000      0.0341      0.3156      0.0364      0.1282
    0      5.0000      0.0319      0.2757      0.0341      0.1172
    0      6.0000      0.0298      0.2398      0.0319      0.1068
    0      7.0000      0.0277      0.2075      0.0298      0.0970
    0      8.0000      0.0258      0.1787      0.0277      0.0877
    0      9.0000      0.0239      0.1529      0.0258      0.0790
    0     10.0000      0.0222      0.1301      0.0239      0.0708
    0     11.0000      0.0205      0.1099      0.0222      0.0631
    0     12.0000      0.0189      0.0922      0.0205      0.0559
    0     13.0000      0.0173      0.0767      0.0189      0.0492
    0     14.0000      0.0158      0.0632      0.0173      0.0429
    0     15.0000      0.0143      0.0515      0.0158      0.0370
    0     16.0000      0.0129      0.0415      0.0143      0.0316
    0     17.0000      0.0116      0.0331      0.0129      0.0266
    0     18.0000      0.0103      0.0260      0.0116      0.0220
    0     19.0000      0.0090      0.0201      0.0103      0.0179
    0     20.0000      0.0077      0.0152      0.0090      0.0142
    0     21.0000      0.0065      0.0113      0.0077      0.0110
    0     22.0000      0.0053      0.0081      0.0065      0.0082
    0     23.0000      0.0041      0.0057      0.0053      0.0059
    0     24.0000      0.0030      0.0037      0.0041      0.0040
    0     25.0000      0.0020      0.0022      0.0030      0.0023
    0     26.0000      0.0009      0.0010      0.0020      0.0011
... finished.
[00] Run All (excluding sub-options)
[01] Aging-FixedEffects
[02] Longevity-Renewak
[03] KW-Approximization
[04] KW-NormalEffects
[05] Integration
[06] Integration
[07] Ergodic-Simulation
[08] Outcomes-Simulation
[09] Random-Fixed-Effects
[10] Data-Prediction
[11] Reservation-Values
[12] Non-Stationary Search
[-2]  Help on Menu
[-3]  Exit Ox
[-1]  go up to previous menu
