Output of Replications:RustEmet1987
---------------------------
DP::Intialize is complete. Action and State spaces are empty.
 Log file name is: logs//DP-DDP-20-03-2019-15-54-18.log
-------------------- DP Model Summary ------------------------
0. USER BELLMAN CLASS
    Zurcher
1. CLOCK
    1. Ergodic
2. STATE VARIABLES
              |eps   |eta |theta -clock        |gamma
              s11    s21      x      t     t'      r      f
       s.N      1      1     90      1      1      1      1


     Transition Categories (not counting placeholders and variables with N=1)
                 NonRandom       Random   Coevolving    Augmented       Timing    Invariant
     #Vars               0            1            0            0            0            0

3. SIZE OF SPACES

                       Number of Points
    Exogenous(Epsilon)                1
    SemiExogenous(Eta)                1
   Endogenous(Theta_t)               90
                 Times                1
         EV()Iterating               90
      ChoiceProb.track               90
         Random Groups                1
 Dynamic Random Groups                1
          Fixed Groups                1
   Total Groups(Gamma)                1
       Total Untrimmed               90

4. ACTION VARIABLES
   Number of Distinct action vectors: 2
             a
    a.N      2


5. TRIMMING AND SUBSAMPLING OF THE ENDOGENOUS STATE SPACE (Theta)
                           N
    TotalReachable        90
         Terminal          0
     Approximated          0

  Index of first state by t (t=0..T-1)
    0   90


6. FEASIBLE ACTION SETS
 
     i    [a]        A[0]   
     ---------------------------
     000 (0)           X        
     001 (1)           X        
        #States       90
     --------------------------
         Key: X = row vector is feasible. - = infeasible

-------------------- End of Model Summary ------------------------
solving 0

>>>>>>Value Iteration Starting
    Switching to N-K Iteration 

>>>>>>Value Iteration Finished.  Succeed: 1
done

     Value of States and Choice Probabilities
     ------------------------------------------------------------------------------
    Indx   T   A   x   t     r     f       EV      |Choice Probabilities:         
      89   1   0  89   0     0     0    -254.084944 0.927295 0.072705
      88   1   0  88   0     0     0    -254.081604 0.927537 0.072463
      87   1   0  87   0     0     0    -254.075362 0.927988 0.072012
      86   1   0  86   0     0     0    -254.066534 0.928621 0.071379
      85   1   0  85   0     0     0    -254.055391 0.929412 0.070588
      84   1   0  84   0     0     0    -254.042167 0.930340 0.069660
      83   1   0  83   0     0     0    -254.027064 0.931384 0.068616
      82   1   0  82   0     0     0    -254.010251 0.932528 0.067472
      81   1   0  81   0     0     0    -253.991871 0.933757 0.066243
      80   1   0  80   0     0     0    -253.972046 0.935057 0.064943
      79   1   0  79   0     0     0    -253.950874 0.936417 0.063583
      78   1   0  78   0     0     0    -253.928438 0.937828 0.062172
      77   1   0  77   0     0     0    -253.904807 0.939280 0.060720
      76   1   0  76   0     0     0    -253.880033 0.940766 0.059234
      75   1   0  75   0     0     0    -253.854159 0.942279 0.057721
      74   1   0  74   0     0     0    -253.827217 0.943813 0.056187
      73   1   0  73   0     0     0    -253.799231 0.945364 0.054636
      72   1   0  72   0     0     0    -253.770217 0.946926 0.053074
      71   1   0  71   0     0     0    -253.740183 0.948497 0.051503
      70   1   0  70   0     0     0    -253.709132 0.950071 0.049929
      69   1   0  69   0     0     0    -253.677063 0.951647 0.048353
      68   1   0  68   0     0     0    -253.643967 0.953221 0.046779
      67   1   0  67   0     0     0    -253.609834 0.954791 0.045209
      66   1   0  66   0     0     0    -253.574648 0.956354 0.043646
      65   1   0  65   0     0     0    -253.538389 0.957908 0.042092
      64   1   0  64   0     0     0    -253.501035 0.959451 0.040549
      63   1   0  63   0     0     0    -253.462560 0.960982 0.039018
      62   1   0  62   0     0     0    -253.422937 0.962498 0.037502
      61   1   0  61   0     0     0    -253.382134 0.963997 0.036003
      60   1   0  60   0     0     0    -253.340116 0.965479 0.034521
      59   1   0  59   0     0     0    -253.296849 0.966940 0.033060
      58   1   0  58   0     0     0    -253.252292 0.968381 0.031619
      57   1   0  57   0     0     0    -253.206406 0.969799 0.030201
      56   1   0  56   0     0     0    -253.159146 0.971193 0.028807
      55   1   0  55   0     0     0    -253.110469 0.972562 0.027438
      54   1   0  54   0     0     0    -253.060326 0.973904 0.026096
      53   1   0  53   0     0     0    -253.008669 0.975218 0.024782
      52   1   0  52   0     0     0    -252.955445 0.976502 0.023498
      51   1   0  51   0     0     0    -252.900604 0.977756 0.022244
      50   1   0  50   0     0     0    -252.844089 0.978978 0.021022
      49   1   0  49   0     0     0    -252.785844 0.980168 0.019832
      48   1   0  48   0     0     0    -252.725813 0.981323 0.018677
      47   1   0  47   0     0     0    -252.663935 0.982444 0.017556
      46   1   0  46   0     0     0    -252.600151 0.983529 0.016471
      45   1   0  45   0     0     0    -252.534398 0.984577 0.015423
      44   1   0  44   0     0     0    -252.466614 0.985588 0.014412
      43   1   0  43   0     0     0    -252.396736 0.986560 0.013440
      42   1   0  42   0     0     0    -252.324699 0.987495 0.012505
      41   1   0  41   0     0     0    -252.250438 0.988390 0.011610
      40   1   0  40   0     0     0    -252.173888 0.989245 0.010755
      39   1   0  39   0     0     0    -252.094985 0.990061 0.009939
      38   1   0  38   0     0     0    -252.013663 0.990837 0.009163
      37   1   0  37   0     0     0    -251.929856 0.991574 0.008426
      36   1   0  36   0     0     0    -251.843500 0.992271 0.007729
      35   1   0  35   0     0     0    -251.754532 0.992929 0.007071
      34   1   0  34   0     0     0    -251.662887 0.993548 0.006452
      33   1   0  33   0     0     0    -251.568505 0.994129 0.005871
      32   1   0  32   0     0     0    -251.471325 0.994673 0.005327
      31   1   0  31   0     0     0    -251.371287 0.995180 0.004820
      30   1   0  30   0     0     0    -251.268335 0.995652 0.004348
      29   1   0  29   0     0     0    -251.162411 0.996089 0.003911
      28   1   0  28   0     0     0    -251.053464 0.996492 0.003508
      27   1   0  27   0     0     0    -250.941440 0.996864 0.003136
      26   1   0  26   0     0     0    -250.826292 0.997205 0.002795
      25   1   0  25   0     0     0    -250.707972 0.997517 0.002483
      24   1   0  24   0     0     0    -250.586437 0.997801 0.002199
      23   1   0  23   0     0     0    -250.461643 0.998059 0.001941
      22   1   0  22   0     0     0    -250.333552 0.998293 0.001707
      21   1   0  21   0     0     0    -250.202128 0.998503 0.001497
      20   1   0  20   0     0     0    -250.067336 0.998692 0.001308
      19   1   0  19   0     0     0    -249.929144 0.998860 0.001140
      18   1   0  18   0     0     0    -249.787524 0.999011 0.000989
      17   1   0  17   0     0     0    -249.642449 0.999145 0.000855
      16   1   0  16   0     0     0    -249.493894 0.999263 0.000737
      15   1   0  15   0     0     0    -249.341837 0.999367 0.000633
      14   1   0  14   0     0     0    -249.186259 0.999458 0.000542
      13   1   0  13   0     0     0    -249.027141 0.999538 0.000462
      12   1   0  12   0     0     0    -248.864467 0.999607 0.000393
      11   1   0  11   0     0     0    -248.698223 0.999667 0.000333
      10   1   0  10   0     0     0    -248.528397 0.999719 0.000281
       9   1   0   9   0     0     0    -248.354977 0.999764 0.000236
       8   1   0   8   0     0     0    -248.177954 0.999802 0.000198
       7   1   0   7   0     0     0    -247.997319 0.999835 0.000165
       6   1   0   6   0     0     0    -247.813065 0.999863 0.000137
       5   1   0   5   0     0     0    -247.625185 0.999886 0.000114
       4   1   0   4   0     0     0    -247.433675 0.999906 0.000094
       3   1   0   3   0     0     0    -247.238530 0.999923 0.000077
       2   1   0   2   0     0     0    -247.039745 0.999937 0.000063
       1   1   0   1   0     0     0    -246.837319 0.999948 0.000052
       0   1   0   0   0     0     0    -246.631247 0.999958 0.000042
     ------------------------------------------------------------------------------
solving 1

>>>>>>Value Iteration Starting

>>>>>>Value Iteration Finished.  Succeed: 1
done

     Value of States and Choice Probabilities
     ------------------------------------------------------------------------------
    Indx   T   A   x   t     r     f       EV      |Choice Probabilities:         
      89   1   0  89   0     0     0      -2.903236 0.783998 0.216002
      88   1   0  88   0     0     0      -2.846742 0.795862 0.204138
      87   1   0  87   0     0     0      -2.789418 0.807235 0.192765
      86   1   0  86   0     0     0      -2.731298 0.818119 0.181881
      85   1   0  85   0     0     0      -2.672417 0.828519 0.171481
      84   1   0  84   0     0     0      -2.612809 0.838442 0.161558
      83   1   0  83   0     0     0      -2.552509 0.847896 0.152104
      82   1   0  82   0     0     0      -2.491548 0.856892 0.143108
      81   1   0  81   0     0     0      -2.429961 0.865439 0.134561
      80   1   0  80   0     0     0      -2.367778 0.873552 0.126448
      79   1   0  79   0     0     0      -2.305030 0.881243 0.118757
      78   1   0  78   0     0     0      -2.241746 0.888525 0.111475
      77   1   0  77   0     0     0      -2.177956 0.895414 0.104586
      76   1   0  76   0     0     0      -2.113687 0.901924 0.098076
      75   1   0  75   0     0     0      -2.048966 0.908071 0.091929
      74   1   0  74   0     0     0      -1.983817 0.913869 0.086131
      73   1   0  73   0     0     0      -1.918266 0.919334 0.080666
      72   1   0  72   0     0     0      -1.852336 0.924481 0.075519
      71   1   0  71   0     0     0      -1.786048 0.929324 0.070676
      70   1   0  70   0     0     0      -1.719425 0.933880 0.066120
      69   1   0  69   0     0     0      -1.652485 0.938161 0.061839
      68   1   0  68   0     0     0      -1.585249 0.942182 0.057818
      67   1   0  67   0     0     0      -1.517734 0.945957 0.054043
      66   1   0  66   0     0     0      -1.449958 0.949498 0.050502
      65   1   0  65   0     0     0      -1.381936 0.952819 0.047181
      64   1   0  64   0     0     0      -1.313684 0.955932 0.044068
      63   1   0  63   0     0     0      -1.245217 0.958848 0.041152
      62   1   0  62   0     0     0      -1.176548 0.961579 0.038421
      61   1   0  61   0     0     0      -1.107690 0.964136 0.035864
      60   1   0  60   0     0     0      -1.038655 0.966528 0.033472
      59   1   0  59   0     0     0      -0.969454 0.968766 0.031234
      58   1   0  58   0     0     0      -0.900099 0.970859 0.029141
      57   1   0  57   0     0     0      -0.830599 0.972815 0.027185
      56   1   0  56   0     0     0      -0.760963 0.974644 0.025356
      55   1   0  55   0     0     0      -0.691201 0.976353 0.023647
      54   1   0  54   0     0     0      -0.621322 0.977949 0.022051
      53   1   0  53   0     0     0      -0.551331 0.979439 0.020561
      52   1   0  52   0     0     0      -0.481238 0.980831 0.019169
      51   1   0  51   0     0     0      -0.411049 0.982130 0.017870
      50   1   0  50   0     0     0      -0.340769 0.983343 0.016657
      49   1   0  49   0     0     0      -0.270406 0.984475 0.015525
      48   1   0  48   0     0     0      -0.199965 0.985531 0.014469
      47   1   0  47   0     0     0      -0.129451 0.986516 0.013484
      46   1   0  46   0     0     0      -0.058869 0.987435 0.012565
      45   1   0  45   0     0     0       0.011777 0.988292 0.011708
      44   1   0  44   0     0     0       0.082482 0.989091 0.010909
      43   1   0  43   0     0     0       0.153242 0.989836 0.010164
      42   1   0  42   0     0     0       0.224054 0.990531 0.009469
      41   1   0  41   0     0     0       0.294913 0.991179 0.008821
      40   1   0  40   0     0     0       0.365818 0.991783 0.008217
      39   1   0  39   0     0     0       0.436764 0.992346 0.007654
      38   1   0  38   0     0     0       0.507749 0.992870 0.007130
      37   1   0  37   0     0     0       0.578770 0.993359 0.006641
      36   1   0  36   0     0     0       0.649825 0.993814 0.006186
      35   1   0  35   0     0     0       0.720911 0.994239 0.005761
      34   1   0  34   0     0     0       0.792026 0.994634 0.005366
      33   1   0  33   0     0     0       0.863169 0.995003 0.004997
      32   1   0  32   0     0     0       0.934338 0.995346 0.004654
      31   1   0  31   0     0     0       1.005530 0.995666 0.004334
      30   1   0  30   0     0     0       1.076744 0.995964 0.004036
      29   1   0  29   0     0     0       1.147979 0.996241 0.003759
      28   1   0  28   0     0     0       1.219232 0.996500 0.003500
      27   1   0  27   0     0     0       1.290504 0.996741 0.003259
      26   1   0  26   0     0     0       1.361792 0.996965 0.003035
      25   1   0  25   0     0     0       1.433096 0.997174 0.002826
      24   1   0  24   0     0     0       1.504414 0.997368 0.002632
      23   1   0  23   0     0     0       1.575746 0.997549 0.002451
      22   1   0  22   0     0     0       1.647090 0.997718 0.002282
      21   1   0  21   0     0     0       1.718446 0.997875 0.002125
      20   1   0  20   0     0     0       1.789813 0.998022 0.001978
      19   1   0  19   0     0     0       1.861190 0.998158 0.001842
      18   1   0  18   0     0     0       1.932576 0.998285 0.001715
      17   1   0  17   0     0     0       2.003971 0.998403 0.001597
      16   1   0  16   0     0     0       2.075374 0.998513 0.001487
      15   1   0  15   0     0     0       2.146784 0.998616 0.001384
      14   1   0  14   0     0     0       2.218202 0.998711 0.001289
      13   1   0  13   0     0     0       2.289626 0.998800 0.001200
      12   1   0  12   0     0     0       2.361057 0.998883 0.001117
      11   1   0  11   0     0     0       2.432493 0.998960 0.001040
      10   1   0  10   0     0     0       2.503935 0.999031 0.000969
       9   1   0   9   0     0     0       2.575381 0.999098 0.000902
       8   1   0   8   0     0     0       2.646832 0.999160 0.000840
       7   1   0   7   0     0     0       2.718287 0.999218 0.000782
       6   1   0   6   0     0     0       2.789747 0.999272 0.000728
       5   1   0   5   0     0     0       2.861210 0.999322 0.000678
       4   1   0   4   0     0     0       2.932676 0.999369 0.000631
       3   1   0   3   0     0     0       3.004146 0.999413 0.000587
       2   1   0   2   0     0     0       3.075619 0.999453 0.000547
       1   1   0   1   0     0     0       3.147094 0.999491 0.000509
       0   1   0   0   0     0     0       3.218573 0.999526 0.000474
     ------------------------------------------------------------------------------
Simulated data 
 Panel  Fxed  path     t     n     T   Aj|   s11   s21     x     t    t'     r     f  |ai|     a
     0     0     0    59    40     1     0     0     0    40     0     0     0     0     1     1
     0     0     0   140    49     1     0     0     0    49     0     0     0     0     1     1
     0     0     0   246    60     1     0     0     0    60     0     0     0     0     1     1
     0     0     0   341    55     1     0     0     0    55     0     0     0     0     1     1
     0     0     1    44    27     1     0     0     0    27     0     0     0     0     1     1
     0     0     1   107    43     1     0     0     0    43     0     0     0     0     1     1
     0     0     1   182    53     1     0     0     0    53     0     0     0     0     1     1
     0     0     1   266    49     1     0     0     0    49     0     0     0     0     1     1
     0     0     1   361    61     1     0     0     0    61     0     0     0     0     1     1
     0     0     2    59    33     1     0     0     0    33     0     0     0     0     1     1
     0     0     2   146    52     1     0     0     0    52     0     0     0     0     1     1
     0     0     2   256    63     1     0     0     0    63     0     0     0     0     1     1
     0     0     2   357    65     1     0     0     0    65     0     0     0     0     1     1
     0     0     3    47    30     1     0     0     0    30     0     0     0     0     1     1
     0     0     3   157    69     1     0     0     0    69     0     0     0     0     1     1
     0     0     3   217    44     1     0     0     0    44     0     0     0     0     1     1
     0     0     3   328    69     1     0     0     0    69     0     0     0     0     1     1
     0     0     4    25    18     1     0     0     0    18     0     0     0     0     1     1
     0     0     4   143    74     1     0     0     0    74     0     0     0     0     1     1
     0     0     4   273    77     1     0     0     0    77     0     0     0     0     1     1
     0     0     4   391    73     1     0     0     0    73     0     0     0     0     1     1
     0     0     5    83    52     1     0     0     0    52     0     0     0     0     1     1
     0     0     5   147    40     1     0     0     0    40     0     0     0     0     1     1
     0     0     5   194    30     1     0     0     0    30     0     0     0     0     1     1
     0     0     5   262    50     1     0     0     0    50     0     0     0     0     1     1
     0     0     5   329    39     1     0     0     0    39     0     0     0     0     1     1
     0     0     6    78    45     1     0     0     0    45     0     0     0     0     1     1
     0     0     6   117    27     1     0     0     0    27     0     0     0     0     1     1
     0     0     6   203    48     1     0     0     0    48     0     0     0     0     1     1
     0     0     6   303    66     1     0     0     0    66     0     0     0     0     1     1
     0     0     6   383    46     1     0     0     0    46     0     0     0     0     1     1
     0     0     7   129    72     1     0     0     0    72     0     0     0     0     1     1
     0     0     7   194    41     1     0     0     0    41     0     0     0     0     1     1
     0     0     7   261    40     1     0     0     0    40     0     0     0     0     1     1
     0     0     7   352    59     1     0     0     0    59     0     0     0     0     1     1
     0     0     8    81    60     1     0     0     0    60     0     0     0     0     1     1
     0     0     8   152    46     1     0     0     0    46     0     0     0     0     1     1
     0     0     8   266    66     1     0     0     0    66     0     0     0     0     1     1
     0     0     8   328    36     1     0     0     0    36     0     0     0     0     1     1
     0     0     8   376    31     1     0     0     0    31     0     0     0     0     1     1
     0     0     9   109    71     1     0     0     0    71     0     0     0     0     1     1
     0     0     9   188    52     1     0     0     0    52     0     0     0     0     1     1
     0     0     9   250    47     1     0     0     0    47     0     0     0     0     1     1
     0     0     9   386    79     1     0     0     0    79     0     0     0     0     1     1
     1     0     0   126    74     1     0     0     0    74     0     0     0     0     1     1
     1     0     0   234    68     1     0     0     0    68     0     0     0     0     1     1
     1     0     0   322    55     1     0     0     0    55     0     0     0     0     1     1
     1     0     1    69    42     1     0     0     0    42     0     0     0     0     1     1
     1     0     1   151    49     1     0     0     0    49     0     0     0     0     1     1
     1     0     1   285    85     1     0     0     0    85     0     0     0     0     1     1
     1     0     1   387    70     1     0     0     0    70     0     0     0     0     1     1
     1     0     2    90    53     1     0     0     0    53     0     0     0     0     1     1
     1     0     2   196    63     1     0     0     0    63     0     0     0     0     1     1
     1     0     2   248    36     1     0     0     0    36     0     0     0     0     1     1
     1     0     2   377    62     1     0     0     0    62     0     0     0     0     1     1
     1     0     3   104    68     1     0     0     0    68     0     0     0     0     1     1
     1     0     3   119    10     1     0     0     0    10     0     0     0     0     1     1
     1     0     3   219    67     1     0     0     0    67     0     0     0     0     1     1
     1     0     3   333    69     1     0     0     0    69     0     0     0     0     1     1
     1     0     4   118    79     1     0     0     0    79     0     0     0     0     1     1
     1     0     4   220    71     1     0     0     0    71     0     0     0     0     1     1
     1     0     4   300    48     1     0     0     0    48     0     0     0     0     1     1
     1     0     4   398    65     1     0     0     0    65     0     0     0     0     1     1
     1     0     5   128    79     1     0     0     0    79     0     0     0     0     1     1
     1     0     5   196    41     1     0     0     0    41     0     0     0     0     1     1
     1     0     5   285    58     1     0     0     0    58     0     0     0     0     1     1
     1     0     5   370    59     1     0     0     0    59     0     0     0     0     1     1
     1     0     6    95    66     1     0     0     0    66     0     0     0     0     1     1
     1     0     6   220    82     1     0     0     0    82     0     0     0     0     1     1
     1     0     6   322    71     1     0     0     0    71     0     0     0     0     1     1
     1     0     7   146    82     1     0     0     0    82     0     0     0     0     1     1
     1     0     7   243    61     1     0     0     0    61     0     0     0     0     1     1
     1     0     7   328    52     1     0     0     0    52     0     0     0     0     1     1
     1     0     7   395    46     1     0     0     0    46     0     0     0     0     1     1
     1     0     8   104    57     1     0     0     0    57     0     0     0     0     1     1
     1     0     8   131    13     1     0     0     0    13     0     0     0     0     1     1
     1     0     8   215    52     1     0     0     0    52     0     0     0     0     1     1
     1     0     8   287    51     1     0     0     0    51     0     0     0     0     1     1
     1     0     8   380    59     1     0     0     0    59     0     0     0     0     1     1
     1     0     9    44    23     1     0     0     0    23     0     0     0     0     1     1
     1     0     9    81    27     1     0     0     0    27     0     0     0     0     1     1
     1     0     9   191    69     1     0     0     0    69     0     0     0     0     1     1
     1     0     9   303    76     1     0     0     0    76     0     0     0     0     1     1
     1     0     9   363    41     1     0     0     0    41     0     0     0     0     1     1
... finished.
[00] Run All (excluding sub-options)
[01] RustEmet1987
[02] BerkovecSternEmet1991
[03] KennetJAE1994
[04] RustEmet1987b
[05] WolpinJPE1984
[06] WolpinEmet1987
[07] RosenzweigWolpinJPE1993
[08] KeaneWolpinREStat1994
[09] GilleskieEmet1998
[10] A&M2002
[11] IJCEmet2009
[12] Ahn1995
[13] French2005
[-2]  Help on Menu
[-3]  Exit Ox
[-1]  go up to previous menu
