
 niqlow version 2.50Copyright (C) 2011-2016 Christopher Ferrall.
Execution of niqlow implies acceptance of its free software License (niqlow/niqlow-license.txt).
Log file directory: '.'. Time stamp: -31-05-2016-11-54-25.

DP::Intialize is complete. Action and State spaces are empty.
 Log file name is: DP-DDP-31-05-2016-11-54-25.log
-------------------- DP Model Summary ------------------------
0. USER BELLMAN CLASS
    TommysChoice
1. CLOCK
    3. Normal Finite Horizon Aging
2. STATE VARIABLES
              |eps   |eta |theta -clock        |gamma
              s11    s21      X      t     t'      r      f
       s.N      1      1     10     40      1      1      1


     Transition Categories (not counting placeholders and variables with N=1)
                 NonRandom       Random   Coevolving    Augmented       Timing    Invariant
     #Vars               1            0            0            1            0            0

3. SIZE OF SPACES

                       Number of Points
    Exogenous(Epsilon)                1
    SemiExogenous(Eta)                1
     Endogenous(Theta)               10
                 Times               40
         EV()Iterating               10
      ChoiceProb.track              400
         Random Groups                1
 Dynamic Random Groups                1
          Fixed Groups                1
   Total Groups(Gamma)                1
       Total Untrimmed              400

4. ACTION VARIABLES
   Number of Distinct action vectors: 2
          work
    a.N      2


5. TRIMMING AND SUBSAMPLING OF THE ENDOGENOUS STATE SPACE (Theta)
                             N
    TotalReachable         355
         Terminal            0
     Approximated            0
    tfirsts (t=0..T)         0
                             1
                             3
                             6
                            10
                            15
                            21
                            28
                            36
                            45
                            55
                            65
                            75
                            85
                            95
                           105
                           115
                           125
                           135
                           145
                           155
                           165
                           175
                           185
                           195
                           205
                           215
                           225
                           235
                           245
                           255
                           265
                           275
                           285
                           295
                           305
                           315
                           325
                           335
                           345
                           355

6. FEASIBLE ACTION SETS
 
i    [w]        A[0]   
---------------------------
000 (0)           X        
001 (1)           X        
   #States      355
--------------------------
    Key: X = row vector is feasible. - = infeasible

Initializing Gauss-Hermite Integration
Level5Choleski:
       1.0000      0.00000
      0.00000       1.0000

     Value of States and Choice Probabilities
     ------------------------------------------------------------------------------
    Indx   I   T   A   X   t     r     f       EV      |Choice Probabilities:         
     399   1   0   0   9  39     0     0       0.303893 0.672826 0.327174
     398   1   0   0   8  39     0     0       0.293483 0.681201 0.318799
     397   1   0   0   7  39     0     0       0.282736 0.689980 0.310020
     396   1   0   0   6  39     0     0       0.271698 0.699139 0.300861
     395   1   0   0   5  39     0     0       0.260416 0.708654 0.291346
     394   1   0   0   4  39     0     0       0.248935 0.718498 0.281502
     393   1   0   0   3  39     0     0       0.237302 0.728641 0.271359
     392   1   0   0   2  39     0     0       0.225565 0.739051 0.260949
     391   1   0   0   1  39     0     0       0.213769 0.749695 0.250305
     390   1   0   0   0  39     0     0       0.201961 0.760536 0.239464
     389   1   0   0   9  38     0     0       0.577397 0.672826 0.327174
     388   1   0   0   8  38     0     0       0.560545 0.678833 0.321167
     387   1   0   0   7  38     0     0       0.540139 0.687565 0.312435
     386   1   0   0   6  38     0     0       0.519158 0.696692 0.303308
     385   1   0   0   5  38     0     0       0.497693 0.706191 0.293809
     384   1   0   0   4  38     0     0       0.475833 0.716033 0.283967
     383   1   0   0   3  38     0     0       0.453668 0.726188 0.273812
     382   1   0   0   2  38     0     0       0.431289 0.736626 0.263374
     381   1   0   0   1  38     0     0       0.408785 0.747311 0.252689
     380   1   0   0   0  38     0     0       0.386245 0.758207 0.241793
     379   1   0   0   9  37     0     0       0.823550 0.672826 0.327174
     378   1   0   0   8  37     0     0       0.802724 0.677364 0.322636
     377   1   0   0   7  37     0     0       0.774463 0.685387 0.314613
     376   1   0   0   6  37     0     0       0.744533 0.694481 0.305519
     375   1   0   0   5  37     0     0       0.713884 0.703959 0.296041
     374   1   0   0   4  37     0     0       0.682645 0.713795 0.286205
     373   1   0   0   3  37     0     0       0.650949 0.723959 0.276041
     372   1   0   0   2  37     0     0       0.618924 0.734418 0.265582
     371   1   0   0   1  37     0     0       0.586701 0.745137 0.254863
     370   1   0   0   0  37     0     0       0.554411 0.756080 0.243920
     369   1   0   0   9  36     0     0       1.045088 0.672826 0.327174
     368   1   0   0   8  36     0     0       1.021814 0.676456 0.323544
     367   1   0   0   7  36     0     0       0.987533 0.683611 0.316389
     366   1   0   0   6  36     0     0       0.949781 0.692483 0.307517
     365   1   0   0   5  36     0     0       0.910854 0.701939 0.298061
     364   1   0   0   4  36     0     0       0.871147 0.711766 0.288234
     363   1   0   0   3  36     0     0       0.830827 0.721933 0.278067
     362   1   0   0   2  36     0     0       0.790063 0.732407 0.267593
     361   1   0   0   1  36     0     0       0.749023 0.743155 0.256845
     360   1   0   0   0  36     0     0       0.707874 0.754138 0.245862
     359   1   0   0   9  35     0     0       1.244472 0.672826 0.327174
     358   1   0   0   8  35     0     0       1.219692 0.675896 0.324104
     357   1   0   0   7  35     0     0       1.180973 0.682247 0.317753
     356   1   0   0   6  35     0     0       1.136625 0.690733 0.309267
     355   1   0   0   5  35     0     0       1.090303 0.700113 0.299887
     354   1   0   0   4  35     0     0       1.042952 0.709927 0.290073
     353   1   0   0   3  35     0     0       0.994836 0.720093 0.279907
     352   1   0   0   2  35     0     0       0.946157 0.730580 0.269420
     351   1   0   0   1  35     0     0       0.897120 0.741350 0.258650
     350   1   0   0   0  35     0     0       0.847927 0.752366 0.247634
     349   1   0   0   9  34     0     0       1.423918 0.672826 0.327174
     348   1   0   0   8  34     0     0       1.398211 0.675551 0.324449
     347   1   0   0   7  34     0     0       1.356311 0.681240 0.318760
     346   1   0   0   6  34     0     0       1.306582 0.689253 0.310747
     345   1   0   0   5  34     0     0       1.253763 0.698478 0.301522
     344   1   0   0   4  34     0     0       1.199533 0.708263 0.291737
     343   1   0   0   3  34     0     0       1.144371 0.718425 0.281575
     342   1   0   0   2  34     0     0       1.088528 0.728918 0.271082
     341   1   0   0   1  34     0     0       1.032240 0.739707 0.260293
     340   1   0   0   0  34     0     0       0.975743 0.750752 0.249248
     339   1   0   0   9  33     0     0       1.585419 0.672826 0.327174
     338   1   0   0   8  33     0     0       1.559143 0.675339 0.324661
     337   1   0   0   7  33     0     0       1.515008 0.680517 0.319483
     336   1   0   0   6  33     0     0       1.461015 0.688044 0.311956
     335   1   0   0   5  33     0     0       1.402602 0.697037 0.302963
     334   1   0   0   4  33     0     0       1.342225 0.706761 0.293239
     333   1   0   0   3  33     0     0       1.280703 0.716913 0.283087
     332   1   0   0   2  33     0     0       1.218377 0.727410 0.272590
     331   1   0   0   1  33     0     0       1.155519 0.738212 0.261788
     330   1   0   0   0  33     0     0       1.092393 0.749281 0.250719
     329   1   0   0   9  32     0     0       1.730770 0.672826 0.327174
     328   1   0   0   8  32     0     0       1.704144 0.675209 0.324791
     327   1   0   0   7  32     0     0       1.658463 0.680009 0.319991
     326   1   0   0   6  32     0     0       1.601176 0.687084 0.312916
     325   1   0   0   5  32     0     0       1.538051 0.695794 0.304206
     324   1   0   0   4  32     0     0       1.472237 0.705416 0.294584
     323   1   0   0   3  32     0     0       1.404991 0.715545 0.284455
     322   1   0   0   2  32     0     0       1.336803 0.726042 0.273958
     321   1   0   0   1  32     0     0       1.267992 0.736854 0.263146
     320   1   0   0   0  32     0     0       1.198851 0.747942 0.252058
     319   1   0   0   9  31     0     0       1.861586 0.672826 0.327174
     318   1   0   0   8  31     0     0       1.834745 0.675129 0.324871
     317   1   0   0   7  31     0     0       1.788007 0.679657 0.320343
     316   1   0   0   6  31     0     0       1.728228 0.686342 0.313658
     315   1   0   0   5  31     0     0       1.661217 0.694745 0.305255
     314   1   0   0   4  31     0     0       1.590659 0.704224 0.295776
     313   1   0   0   3  31     0     0       1.518286 0.714311 0.285689
     312   1   0   0   2  31     0     0       1.444804 0.724802 0.275198
     311   1   0   0   1  31     0     0       1.370603 0.735620 0.264380
     310   1   0   0   0  31     0     0       1.296007 0.746723 0.253277
     309   1   0   0   9  30     0     0       1.979321 0.672826 0.327174
     308   1   0   0   8  30     0     0       1.952347 0.675080 0.324920
     307   1   0   0   7  30     0     0       1.904895 0.679416 0.320584
     306   1   0   0   6  30     0     0       1.843263 0.685780 0.314220
     305   1   0   0   5  30     0     0       1.773111 0.693879 0.306121
     304   1   0   0   4  30     0     0       1.698475 0.703182 0.296818
     303   1   0   0   3  30     0     0       1.621543 0.713204 0.286796
     302   1   0   0   2  30     0     0       1.543292 0.723679 0.276321
     301   1   0   0   1  30     0     0       1.464213 0.734501 0.265499
     300   1   0   0   0  30     0     0       1.384672 0.745616 0.254384
     299   1   0   0   9  29     0     0       2.085282 0.672826 0.327174
     298   1   0   0   8  29     0     0       2.058227 0.675049 0.324951
     297   1   0   0   7  29     0     0       2.010295 0.679254 0.320746
     296   1   0   0   6  29     0     0       1.947306 0.685361 0.314639
     295   1   0   0   5  29     0     0       1.874661 0.693178 0.306822
     294   1   0   0   4  29     0     0       1.796576 0.702285 0.297715
     293   1   0   0   3  29     0     0       1.715626 0.712217 0.287783
     292   1   0   0   2  29     0     0       1.633093 0.722666 0.277334
     291   1   0   0   1  29     0     0       1.549606 0.733485 0.266515
     290   1   0   0   0  29     0     0       1.465584 0.744609 0.255391
     289   1   0   0   9  28     0     0       2.180646 0.672826 0.327174
     288   1   0   0   8  28     0     0       2.153542 0.675031 0.324969
     287   1   0   0   7  28     0     0       2.105291 0.679145 0.320855
     286   1   0   0   6  28     0     0       2.041321 0.685055 0.314945
     285   1   0   0   5  28     0     0       1.966730 0.692622 0.307378
     284   1   0   0   4  28     0     0       1.885770 0.701525 0.298475
     283   1   0   0   3  28     0     0       1.801320 0.711346 0.288654
     282   1   0   0   2  28     0     0       1.714962 0.721754 0.278246
     281   1   0   0   1  28     0     0       1.627498 0.732566 0.267434
     280   1   0   0   0  28     0     0       1.539418 0.743695 0.256305
     279   1   0   0   9  27     0     0       2.266475 0.672826 0.327174
     278   1   0   0   8  27     0     0       2.239340 0.675019 0.324981
     277   1   0   0   7  27     0     0       2.190877 0.679072 0.320928
     276   1   0   0   6  27     0     0       2.126205 0.684833 0.315167
     275   1   0   0   5  27     0     0       2.050117 0.692187 0.307813
     274   1   0   0   4  27     0     0       1.966800 0.700891 0.299109
     273   1   0   0   3  27     0     0       1.879335 0.710587 0.289413
     272   1   0   0   2  27     0     0       1.789582 0.720939 0.279061
     271   1   0   0   1  27     0     0       1.698540 0.731735 0.268265
     270   1   0   0   0  27     0     0       1.606789 0.742866 0.257134
     269   1   0   0   9  26     0     0       2.343720 0.672826 0.327174
     268   1   0   0   8  26     0     0       2.316566 0.675012 0.324988
     267   1   0   0   7  26     0     0       2.267964 0.679024 0.320976
     266   1   0   0   6  26     0     0       2.202796 0.684675 0.315325
     265   1   0   0   5  26     0     0       2.125572 0.691852 0.308148
     264   1   0   0   4  26     0     0       2.040348 0.700371 0.299629
     263   1   0   0   3  26     0     0       1.950316 0.709931 0.290069
     262   1   0   0   2  26     0     0       1.857576 0.720215 0.279785
     261   1   0   0   1  26     0     0       1.763325 0.730987 0.269013
     260   1   0   0   0  26     0     0       1.668258 0.742115 0.257885
     259   1   0   0   9  25     0     0       2.413241 0.672826 0.327174
     258   1   0   0   8  25     0     0       2.386076 0.675008 0.324992
     257   1   0   0   7  25     0     0       2.337382 0.678992 0.321008
     256   1   0   0   6  25     0     0       2.271865 0.684562 0.315438
     255   1   0   0   5  25     0     0       2.193788 0.691598 0.308402
     254   1   0   0   4  25     0     0       2.107043 0.699949 0.300051
     253   1   0   0   3  25     0     0       2.014855 0.709373 0.290627
     252   1   0   0   2  25     0     0       1.919507 0.719576 0.280424
     251   1   0   0   1  25     0     0       1.822394 0.730314 0.269686
     250   1   0   0   0  25     0     0       1.724336 0.741436 0.258564
     249   1   0   0   9  24     0     0       2.475810 0.672826 0.327174
     248   1   0   0   8  24     0     0       2.448638 0.675005 0.324995
     247   1   0   0   7  24     0     0       2.399884 0.678971 0.321029
     246   1   0   0   6  24     0     0       2.334124 0.684483 0.315517
     245   1   0   0   5  24     0     0       2.255414 0.691407 0.308593
     244   1   0   0   4  24     0     0       2.167471 0.699613 0.300387
     243   1   0   0   3  24     0     0       2.073492 0.708904 0.291096
     242   1   0   0   2  24     0     0       1.975889 0.719018 0.280982
     241   1   0   0   1  24     0     0       1.876237 0.729714 0.270286
     240   1   0   0   0  24     0     0       1.775491 0.740822 0.259178
     239   1   0   0   9  23     0     0       2.532122 0.672826 0.327174
     238   1   0   0   8  23     0     0       2.504945 0.675004 0.324996
     237   1   0   0   7  23     0     0       2.456152 0.678957 0.321043
     236   1   0   0   6  23     0     0       2.390224 0.684428 0.315572
     235   1   0   0   5  23     0     0       2.311050 0.691265 0.308735
     234   1   0   0   4  23     0     0       2.222172 0.699348 0.300652
     233   1   0   0   3  23     0     0       2.126724 0.708513 0.291487
     232   1   0   0   2  23     0     0       2.027191 0.718535 0.281465
     231   1   0   0   1  23     0     0       1.925301 0.729181 0.270819
     230   1   0   0   0  23     0     0       1.822145 0.740269 0.259731
     229   1   0   0   9  22     0     0       2.582803 0.672826 0.327174
     228   1   0   0   8  22     0     0       2.555623 0.675003 0.324997
     227   1   0   0   7  22     0     0       2.506805 0.678948 0.321052
     226   1   0   0   6  22     0     0       2.440761 0.684390 0.315610
     225   1   0   0   5  22     0     0       2.361248 0.691161 0.308839
     224   1   0   0   4  22     0     0       2.271650 0.699142 0.300858
     223   1   0   0   3  22     0     0       2.175009 0.708193 0.291807
     222   1   0   0   2  22     0     0       2.073842 0.718122 0.281878
     221   1   0   0   1  22     0     0       1.969994 0.728710 0.271290
     220   1   0   0   0  22     0     0       1.864688 0.739774 0.260226
     219   1   0   0   9  21     0     0       2.628416 0.672826 0.327174
     218   1   0   0   8  21     0     0       2.601234 0.675002 0.324998
     217   1   0   0   7  21     0     0       2.552400 0.678943 0.321057
     216   1   0   0   6  21     0     0       2.486277 0.684364 0.315636
     215   1   0   0   5  21     0     0       2.406518 0.691085 0.308915
     214   1   0   0   4  21     0     0       2.316371 0.698982 0.301018
     213   1   0   0   3  21     0     0       2.218773 0.707933 0.292067
     212   1   0   0   2  21     0     0       2.116233 0.717771 0.282229
     211   1   0   0   1  21     0     0       2.010685 0.728298 0.271702
     210   1   0   0   0  21     0     0       1.903470 0.739331 0.260669
     209   1   0   0   9  20     0     0       2.669467 0.672826 0.327174
     208   1   0   0   8  20     0     0       2.642285 0.675002 0.324998
     207   1   0   0   7  20     0     0       2.593439 0.678939 0.321061
     206   1   0   0   6  20     0     0       2.527263 0.684346 0.315654
     205   1   0   0   5  20     0     0       2.447328 0.691030 0.308970
     204   1   0   0   4  20     0     0       2.356765 0.698861 0.301139
     203   1   0   0   3  20     0     0       2.258406 0.707724 0.292276
     202   1   0   0   2  20     0     0       2.154727 0.717477 0.282523
     201   1   0   0   1  20     0     0       2.047715 0.727941 0.272059
     200   1   0   0   0  20     0     0       1.938814 0.738938 0.261062
     199   1   0   0   9  19     0     0       2.706413 0.672826 0.327174
     198   1   0   0   8  19     0     0       2.679230 0.675002 0.324998
     197   1   0   0   7  19     0     0       2.630378 0.678936 0.321064
     196   1   0   0   6  19     0     0       2.564165 0.684334 0.315666
     195   1   0   0   5  19     0     0       2.484104 0.690991 0.309009
     194   1   0   0   4  19     0     0       2.393230 0.698769 0.301231
     193   1   0   0   3  19     0     0       2.294271 0.707558 0.292442
     192   1   0   0   2  19     0     0       2.189654 0.717232 0.282768
     191   1   0   0   1  19     0     0       2.081393 0.727632 0.272368
     190   1   0   0   0  19     0     0       1.971013 0.738590 0.261410
     189   1   0   0   9  18     0     0       2.739665 0.672826 0.327174
     188   1   0   0   8  18     0     0       2.712482 0.675001 0.324999
     187   1   0   0   7  18     0     0       2.663625 0.678935 0.321065
     186   1   0   0   6  18     0     0       2.597387 0.684326 0.315674
     185   1   0   0   5  18     0     0       2.517237 0.690963 0.309037
     184   1   0   0   4  18     0     0       2.426131 0.698700 0.301300
     183   1   0   0   3  18     0     0       2.326704 0.707427 0.292573
     182   1   0   0   2  18     0     0       2.221323 0.717031 0.282969
     181   1   0   0   1  18     0     0       2.112004 0.727369 0.272631
     180   1   0   0   0  18     0     0       2.000333 0.738285 0.261715
     179   1   0   0   9  17     0     0       2.769592 0.672826 0.327174
     178   1   0   0   8  17     0     0       2.742408 0.675001 0.324999
     177   1   0   0   7  17     0     0       2.693549 0.678934 0.321066
     176   1   0   0   6  17     0     0       2.627294 0.684320 0.315680
     175   1   0   0   5  17     0     0       2.547081 0.690943 0.309057
     174   1   0   0   4  17     0     0       2.455803 0.698648 0.301352
     173   1   0   0   3  17     0     0       2.356014 0.707325 0.292675
     172   1   0   0   2  17     0     0       2.250015 0.716866 0.283134
     171   1   0   0   1  17     0     0       2.139807 0.727146 0.272854
     170   1   0   0   0  17     0     0       2.027019 0.738019 0.261981
     169   1   0   0   9  16     0     0       2.796525 0.672826 0.327174
     168   1   0   0   8  16     0     0       2.769342 0.675001 0.324999
     167   1   0   0   7  16     0     0       2.720480 0.678933 0.321067
     166   1   0   0   6  16     0     0       2.654215 0.684317 0.315683
     165   1   0   0   5  16     0     0       2.573958 0.690928 0.309072
     164   1   0   0   4  16     0     0       2.482554 0.698610 0.301390
     163   1   0   0   3  16     0     0       2.382487 0.707246 0.292754
     162   1   0   0   2  16     0     0       2.275991 0.716733 0.283267
     161   1   0   0   1  16     0     0       2.165044 0.726959 0.273041
     160   1   0   0   0  16     0     0       2.051295 0.737788 0.262212
     159   1   0   0   9  15     0     0       2.820766 0.672826 0.327174
     158   1   0   0   8  15     0     0       2.793582 0.675001 0.324999
     157   1   0   0   7  15     0     0       2.744720 0.678933 0.321067
     156   1   0   0   6  15     0     0       2.678446 0.684314 0.315686
     155   1   0   0   5  15     0     0       2.598159 0.690919 0.309081
     154   1   0   0   4  15     0     0       2.506663 0.698582 0.301418
     153   1   0   0   3  15     0     0       2.406384 0.707185 0.292815
     152   1   0   0   2  15     0     0       2.299494 0.716627 0.283373
     151   1   0   0   1  15     0     0       2.187935 0.726802 0.273198
     150   1   0   0   0  15     0     0       2.073366 0.737589 0.262411
     149   1   0   0   9  14     0     0       2.842582 0.672826 0.327174
     148   1   0   0   8  14     0     0       2.815398 0.675001 0.324999
     147   1   0   0   7  14     0     0       2.766535 0.678933 0.321067
     146   1   0   0   6  14     0     0       2.700257 0.684312 0.315688
     145   1   0   0   5  14     0     0       2.619948 0.690912 0.309088
     144   1   0   0   4  14     0     0       2.528385 0.698562 0.301438
     143   1   0   0   3  14     0     0       2.427945 0.707139 0.292861
     142   1   0   0   2  14     0     0       2.320745 0.716542 0.283458
     141   1   0   0   1  14     0     0       2.208685 0.726673 0.273327
     140   1   0   0   0  14     0     0       2.093420 0.737420 0.262580
     139   1   0   0   9  13     0     0       2.862217 0.672826 0.327174
     138   1   0   0   8  13     0     0       2.835033 0.675001 0.324999
     137   1   0   0   7  13     0     0       2.786170 0.678932 0.321068
     136   1   0   0   6  13     0     0       2.719888 0.684311 0.315689
     135   1   0   0   5  13     0     0       2.639564 0.690907 0.309093
     134   1   0   0   4  13     0     0       2.547953 0.698547 0.301453
     133   1   0   0   3  13     0     0       2.447392 0.707104 0.292896
     132   1   0   0   2  13     0     0       2.339948 0.716475 0.283525
     131   1   0   0   1  13     0     0       2.227480 0.726567 0.273433
     130   1   0   0   0  13     0     0       2.111630 0.737276 0.262724
     129   1   0   0   9  12     0     0       2.879888 0.672826 0.327174
     128   1   0   0   8  12     0     0       2.852704 0.675001 0.324999
     127   1   0   0   7  12     0     0       2.803841 0.678932 0.321068
     126   1   0   0   6  12     0     0       2.737557 0.684310 0.315690
     125   1   0   0   5  12     0     0       2.657223 0.690904 0.309096
     124   1   0   0   4  12     0     0       2.565577 0.698536 0.301464
     123   1   0   0   3  12     0     0       2.464926 0.707077 0.292923
     122   1   0   0   2  12     0     0       2.357292 0.716423 0.283577
     121   1   0   0   1  12     0     0       2.244494 0.726481 0.273519
     120   1   0   0   0  12     0     0       2.128154 0.737155 0.262845
     119   1   0   0   9  11     0     0       2.895792 0.672826 0.327174
     118   1   0   0   8  11     0     0       2.868609 0.675001 0.324999
     117   1   0   0   7  11     0     0       2.819744 0.678932 0.321068
     116   1   0   0   6  11     0     0       2.753459 0.684310 0.315690
     115   1   0   0   5  11     0     0       2.673118 0.690901 0.309099
     114   1   0   0   4  11     0     0       2.581447 0.698529 0.301471
     113   1   0   0   3  11     0     0       2.480729 0.707058 0.292942
     112   1   0   0   2  11     0     0       2.372949 0.716382 0.283618
     111   1   0   0   1  11     0     0       2.259886 0.726412 0.273588
     110   1   0   0   0  11     0     0       2.143140 0.737054 0.262946
     109   1   0   0   9  10     0     0       2.910106 0.672826 0.327174
     108   1   0   0   8  10     0     0       2.882922 0.675001 0.324999
     107   1   0   0   7  10     0     0       2.834058 0.678932 0.321068
     106   1   0   0   6  10     0     0       2.767772 0.684310 0.315690
     105   1   0   0   5  10     0     0       2.687426 0.690900 0.309100
     104   1   0   0   4  10     0     0       2.595738 0.698523 0.301477
     103   1   0   0   3  10     0     0       2.494970 0.707043 0.292957
     102   1   0   0   2  10     0     0       2.387076 0.716351 0.283649
     101   1   0   0   1  10     0     0       2.273803 0.726356 0.273644
     100   1   0   0   0  10     0     0       2.156721 0.736969 0.263031
      99   1   0   0   9   9     0     0       2.922989 0.672826 0.327174
      98   1   0   0   8   9     0     0       2.895805 0.675001 0.324999
      97   1   0   0   7   9     0     0       2.846940 0.678932 0.321068
      96   1   0   0   6   9     0     0       2.780654 0.684309 0.315691
      95   1   0   0   5   9     0     0       2.700304 0.690899 0.309101
      94   1   0   0   4   9     0     0       2.608603 0.698519 0.301481
      93   1   0   0   3   9     0     0       2.507799 0.707032 0.292968
      92   1   0   0   2   9     0     0       2.399819 0.716326 0.283674
      91   1   0   0   1   9     0     0       2.286378 0.726311 0.273689
      90   1   0   0   0   9     0     0       2.169023 0.736900 0.263100
      88   1   0   0   8   8     0     0       2.907399 0.675001 0.324999
      87   1   0   0   7   8     0     0       2.858534 0.678932 0.321068
      86   1   0   0   6   8     0     0       2.792247 0.684309 0.315691
      85   1   0   0   5   8     0     0       2.711896 0.690898 0.309102
      84   1   0   0   4   8     0     0       2.620186 0.698517 0.301483
      83   1   0   0   3   8     0     0       2.519354 0.707024 0.292976
      82   1   0   0   2   8     0     0       2.411310 0.716308 0.283692
      81   1   0   0   1   8     0     0       2.297737 0.726276 0.273724
      80   1   0   0   0   8     0     0       2.180157 0.736843 0.263157
      77   1   0   0   7   7     0     0       2.868969 0.678932 0.321068
      76   1   0   0   6   7     0     0       2.802682 0.684309 0.315691
      75   1   0   0   5   7     0     0       2.722329 0.690897 0.309103
      74   1   0   0   4   7     0     0       2.630613 0.698515 0.301485
      73   1   0   0   3   7     0     0       2.529761 0.707018 0.292982
      72   1   0   0   2   7     0     0       2.421667 0.716294 0.283706
      71   1   0   0   1   7     0     0       2.307992 0.726248 0.273752
      70   1   0   0   0   7     0     0       2.190231 0.736797 0.263203
      66   1   0   0   6   6     0     0       2.812073 0.684309 0.315691
      65   1   0   0   5   6     0     0       2.731719 0.690897 0.309103
      64   1   0   0   4   6     0     0       2.639998 0.698513 0.301487
      63   1   0   0   3   6     0     0       2.539133 0.707014 0.292986
      62   1   0   0   2   6     0     0       2.431001 0.716283 0.283717
      61   1   0   0   1   6     0     0       2.317246 0.726226 0.273774
      60   1   0   0   0   6     0     0       2.199339 0.736759 0.263241
      55   1   0   0   5   5     0     0       2.740170 0.690897 0.309103
      54   1   0   0   4   5     0     0       2.648447 0.698512 0.301488
      53   1   0   0   3   5     0     0       2.547571 0.707011 0.292989
      52   1   0   0   2   5     0     0       2.439411 0.716275 0.283725
      51   1   0   0   1   5     0     0       2.325593 0.726209 0.273791
      50   1   0   0   0   5     0     0       2.207570 0.736729 0.263271
      44   1   0   0   4   4     0     0       2.656051 0.698512 0.301488
      43   1   0   0   3   4     0     0       2.555168 0.707008 0.292992
      42   1   0   0   2   4     0     0       2.446987 0.716269 0.283731
      41   1   0   0   1   4     0     0       2.333121 0.726196 0.273804
      40   1   0   0   0   4     0     0       2.215005 0.736705 0.263295
      33   1   0   0   3   3     0     0       2.562007 0.707007 0.292993
      32   1   0   0   2   3     0     0       2.453811 0.716265 0.283735
      31   1   0   0   1   3     0     0       2.339908 0.726186 0.273814
      30   1   0   0   0   3     0     0       2.221718 0.736686 0.263314
      22   1   0   0   2   2     0     0       2.459956 0.716261 0.283739
      21   1   0   0   1   2     0     0       2.346025 0.726178 0.273822
      20   1   0   0   0   2     0     0       2.227777 0.736670 0.263330
      11   1   0   0   1   1     0     0       2.351537 0.726172 0.273828
      10   1   0   0   0   1     0     0       2.233244 0.736658 0.263342
       0   1   0   0   0   0     0     0       2.238174 0.736649 0.263351
     ------------------------------------------------------------------------------
