
 niqlow version 2.70Copyright (C) 2011-2016 Christopher Ferrall.
Execution of niqlow implies acceptance of its free software License (niqlow/niqlow-license.txt).
Log file directory: '.'. Time stamp: -1-06-2017-17-57-44.

DP::Intialize is complete. Action and State spaces are empty.
 Log file name is: DP-DDP-1-06-2017-17-57-44.log
-------------------- DP Model Summary ------------------------
0. USER BELLMAN CLASS
    TommysChoice
1. CLOCK
    3. Normal Finite Horizon Aging
2. STATE VARIABLES
              |eps   |eta |theta        -clock        |gamma
              s11    s21   prev      X      t     t'      r      f
       s.N      1      1      2     10     40      1      1      1


     Transition Categories (not counting placeholders and variables with N=1)
                 NonRandom       Random   Coevolving    Augmented       Timing    Invariant
     #Vars               2            0            0            1            0            0

3. SIZE OF SPACES

                       Number of Points
    Exogenous(Epsilon)                1
    SemiExogenous(Eta)                1
     Endogenous(Theta)               20
                 Times               40
         EV()Iterating               20
      ChoiceProb.track              800
         Random Groups                1
 Dynamic Random Groups                1
          Fixed Groups                1
   Total Groups(Gamma)                1
       Total Untrimmed              800

4. ACTION VARIABLES
   Number of Distinct action vectors: 2
          work
    a.N      2


5. TRIMMING AND SUBSAMPLING OF THE ENDOGENOUS STATE SPACE (Theta)
                             N
    TotalReachable         709
         Terminal            0
     Approximated            0
    tfirsts (t=0..T)         0
                             1
                             5
                            11
                            19
                            29
                            41
                            55
                            71
                            89
                           109
                           129
                           149
                           169
                           189
                           209
                           229
                           249
                           269
                           289
                           309
                           329
                           349
                           369
                           389
                           409
                           429
                           449
                           469
                           489
                           509
                           529
                           549
                           569
                           589
                           609
                           629
                           649
                           669
                           689
                           709

6. FEASIBLE ACTION SETS
 
i    [w]        A[0]   
---------------------------
000 (0)           X        
001 (1)           X        
   #States      709
--------------------------
    Key: X = row vector is feasible. - = infeasible


7. AUXILIARY OUTCOMES
 
      Earn Columns=1


Initializing Gauss-Hermite Integration
Level5Choleski:
       1.0000      0.00000
      0.00000       1.0000

     Value of States and Choice Probabilities
     ------------------------------------------------------------------------------
    Indx   I   T   Aprev   X   t     r     f       EV      |Choice Probabilities:         
     799   1   0   0   1   9  39     0     0      -0.002234 0.537097 0.462903
     798   1   0   0   0   9  39     0     0       0.172736 0.788198 0.211802
     797   1   0   0   1   8  39     0     0      -0.017256 0.546401 0.453599
     796   1   0   0   0   8  39     0     0       0.165889 0.794855 0.205145
     795   1   0   0   1   7  39     0     0      -0.032830 0.556240 0.443760
     794   1   0   0   0   7  39     0     0       0.158845 0.801778 0.198222
     793   1   0   0   1   6  39     0     0      -0.048896 0.566601 0.433399
     792   1   0   0   0   6  39     0     0       0.151637 0.808939 0.191061
     791   1   0   0   1   5  39     0     0      -0.065392 0.577470 0.422530
     790   1   0   0   0   5  39     0     0       0.144299 0.816313 0.183687
     789   1   0   0   1   4  39     0     0      -0.082253 0.588829 0.411171
     788   1   0   0   0   4  39     0     0       0.136866 0.823871 0.176129
     787   1   0   0   1   3  39     0     0      -0.099414 0.600658 0.399342
     786   1   0   0   0   3  39     0     0       0.129374 0.831583 0.168417
     785   1   0   0   1   2  39     0     0      -0.116807 0.612933 0.387067
     784   1   0   0   0   2  39     0     0       0.121857 0.839417 0.160583
     783   1   0   0   1   1  39     0     0      -0.134368 0.625627 0.374373
     782   1   0   0   0   1  39     0     0       0.114352 0.847343 0.152657
     781   1   0   0   1   0  39     0     0      -0.152027 0.638711 0.361289
     780   1   0   0   0   0  39     0     0       0.106893 0.855328 0.144672
     779   1   0   0   1   9  38     0     0       0.084476 0.581211 0.418789
     778   1   0   0   0   9  38     0     0       0.297287 0.818819 0.181181
     777   1   0   0   1   8  38     0     0       0.067326 0.588638 0.411362
     776   1   0   0   0   8  38     0     0       0.286289 0.823746 0.176254
     775   1   0   0   1   7  38     0     0       0.044140 0.600244 0.399756
     774   1   0   0   0   7  38     0     0       0.272592 0.831316 0.168684
     773   1   0   0   1   6  38     0     0       0.020419 0.612395 0.387605
     772   1   0   0   0   6  38     0     0       0.258654 0.839078 0.160922
     771   1   0   0   1   5  38     0     0      -0.003718 0.625056 0.374944
     770   1   0   0   0   5  38     0     0       0.244553 0.846991 0.153009
     769   1   0   0   1   4  38     0     0      -0.028151 0.638188 0.361812
     768   1   0   0   0   4  38     0     0       0.230365 0.855012 0.144988
     767   1   0   0   1   3  38     0     0      -0.052762 0.651747 0.348253
     766   1   0   0   0   3  38     0     0       0.216170 0.863100 0.136900
     765   1   0   0   1   2  38     0     0      -0.077435 0.665685 0.334315
     764   1   0   0   0   2  38     0     0       0.202043 0.871209 0.128791
     763   1   0   0   1   1  38     0     0      -0.102054 0.679949 0.320051
     762   1   0   0   0   1  38     0     0       0.188062 0.879298 0.120702
     761   1   0   0   1   0  38     0     0      -0.126511 0.694485 0.305515
     760   1   0   0   0   0  38     0     0       0.174299 0.887323 0.112677
     759   1   0   0   1   9  37     0     0       0.182665 0.590631 0.409369
     758   1   0   0   0   9  37     0     0       0.403267 0.825056 0.174944
     757   1   0   0   1   8  37     0     0       0.163524 0.596990 0.403010
     756   1   0   0   0   8  37     0     0       0.389331 0.829209 0.170791
     755   1   0   0   1   7  37     0     0       0.136286 0.607420 0.392580
     754   1   0   0   0   7  37     0     0       0.370534 0.835920 0.164080
     753   1   0   0   1   6  37     0     0       0.106541 0.619719 0.380281
     752   1   0   0   0   6  37     0     0       0.350600 0.843677 0.156323
     751   1   0   0   1   5  37     0     0       0.076378 0.632515 0.367485
     750   1   0   0   0   5  37     0     0       0.330488 0.851570 0.148430
     749   1   0   0   1   4  37     0     0       0.045960 0.645763 0.354237
     748   1   0   0   0   4  37     0     0       0.310315 0.859555 0.140445
     747   1   0   0   1   3  37     0     0       0.015445 0.659415 0.340585
     746   1   0   0   0   3  37     0     0       0.290199 0.867587 0.132413
     745   1   0   0   1   2  37     0     0      -0.015010 0.673419 0.326581
     744   1   0   0   0   2  37     0     0       0.270254 0.875622 0.124378
     743   1   0   0   1   1  37     0     0      -0.045257 0.687720 0.312280
     742   1   0   0   0   1  37     0     0       0.250592 0.883615 0.116385
     741   1   0   0   1   0  37     0     0      -0.075151 0.702258 0.297742
     740   1   0   0   0   0  37     0     0       0.231322 0.891526 0.108474
     739   1   0   0   1   9  36     0     0       0.275226 0.592564 0.407436
     738   1   0   0   0   9  36     0     0       0.497414 0.826323 0.173677
     737   1   0   0   1   8  36     0     0       0.254532 0.598189 0.401811
     736   1   0   0   0   8  36     0     0       0.481314 0.829987 0.170013
     735   1   0   0   1   7  36     0     0       0.223828 0.607848 0.392152
     734   1   0   0   0   7  36     0     0       0.458420 0.836192 0.163808
     733   1   0   0   1   6  36     0     0       0.189359 0.619670 0.380330
     732   1   0   0   0   6  36     0     0       0.433380 0.843646 0.156354
     731   1   0   0   1   5  36     0     0       0.153781 0.632470 0.367530
     730   1   0   0   0   5  36     0     0       0.407855 0.851542 0.148458
     729   1   0   0   1   4  36     0     0       0.117961 0.645728 0.354272
     728   1   0   0   0   4  36     0     0       0.382289 0.859534 0.140466
     727   1   0   0   1   3  36     0     0       0.082096 0.659396 0.340604
     726   1   0   0   0   3  36     0     0       0.356835 0.867576 0.132424
     725   1   0   0   1   2  36     0     0       0.046378 0.673420 0.326580
     724   1   0   0   0   2  36     0     0       0.331643 0.875622 0.124378
     723   1   0   0   1   1  36     0     0       0.010991 0.687744 0.312256
     722   1   0   0   0   1  36     0     0       0.306859 0.883629 0.116371
     721   1   0   0   1   0  36     0     0      -0.023890 0.702308 0.297692
     720   1   0   0   0   0  36     0     0       0.282620 0.891552 0.108448
     719   1   0   0   1   9  35     0     0       0.359385 0.592957 0.407043
     718   1   0   0   0   9  35     0     0       0.581896 0.826581 0.173419
     717   1   0   0   1   8  35     0     0       0.337523 0.598047 0.401953
     716   1   0   0   0   8  35     0     0       0.564189 0.829894 0.170106
     715   1   0   0   1   7  35     0     0       0.304010 0.607082 0.392918
     714   1   0   0   0   7  35     0     0       0.537986 0.835704 0.164296
     713   1   0   0   1   6  35     0     0       0.265464 0.618512 0.381488
     712   1   0   0   0   6  35     0     0       0.508567 0.842923 0.157077
     711   1   0   0   1   5  35     0     0       0.225181 0.631159 0.368841
     710   1   0   0   0   5  35     0     0       0.478234 0.850742 0.149258
     709   1   0   0   1   4  35     0     0       0.184434 0.644440 0.355560
     708   1   0   0   0   4  35     0     0       0.447773 0.858766 0.141234
     707   1   0   0   1   3  35     0     0       0.143679 0.658143 0.341857
     706   1   0   0   0   3  35     0     0       0.417470 0.866846 0.133154
     705   1   0   0   1   2  35     0     0       0.103142 0.672212 0.327788
     704   1   0   0   0   2  35     0     0       0.387506 0.874937 0.125063
     703   1   0   0   1   1  35     0     0       0.063039 0.686590 0.313410
     702   1   0   0   0   1  35     0     0       0.358058 0.882992 0.117008
     701   1   0   0   1   0  35     0     0       0.023577 0.701217 0.298783
     700   1   0   0   0   0  35     0     0       0.329294 0.890967 0.109033
     699   1   0   0   1   9  34     0     0       0.435302 0.593037 0.406963
     698   1   0   0   0   9  34     0     0       0.657879 0.826633 0.173367
     697   1   0   0   1   8  34     0     0       0.412568 0.597729 0.402271
     696   1   0   0   0   8  34     0     0       0.638976 0.829688 0.170312
     695   1   0   0   1   7  34     0     0       0.376811 0.606241 0.393759
     694   1   0   0   0   7  34     0     0       0.610110 0.835167 0.164833
     693   1   0   0   1   6  34     0     0       0.334818 0.617297 0.382703
     692   1   0   0   0   6  34     0     0       0.576957 0.842162 0.157838
     691   1   0   0   1   5  34     0     0       0.290388 0.629781 0.370219
     690   1   0   0   0   5  34     0     0       0.542364 0.849899 0.150101
     689   1   0   0   1   4  34     0     0       0.245227 0.643035 0.356965
     688   1   0   0   0   4  34     0     0       0.507484 0.857926 0.142074
     687   1   0   0   1   3  34     0     0       0.200010 0.656776 0.343224
     686   1   0   0   0   3  34     0     0       0.472766 0.866049 0.133951
     685   1   0   0   1   2  34     0     0       0.155071 0.670896 0.329104
     684   1   0   0   0   2  34     0     0       0.438452 0.874189 0.125811
     683   1   0   0   1   1  34     0     0       0.110655 0.685334 0.314666
     682   1   0   0   0   1  34     0     0       0.404749 0.882297 0.117703
     681   1   0   0   1   0  34     0     0       0.066998 0.700031 0.299969
     680   1   0   0   0   0  34     0     0       0.371852 0.890328 0.109672
     679   1   0   0   1   9  33     0     0       0.503663 0.593053 0.406947
     678   1   0   0   0   9  33     0     0       0.726253 0.826643 0.173357
     677   1   0   0   1   8  33     0     0       0.480279 0.597450 0.402550
     676   1   0   0   0   8  33     0     0       0.706460 0.829507 0.170493
     675   1   0   0   1   7  33     0     0       0.442741 0.605523 0.394477
     674   1   0   0   0   7  33     0     0       0.675463 0.834708 0.165292
     673   1   0   0   1   6  33     0     0       0.397862 0.616222 0.383778
     672   1   0   0   0   6  33     0     0       0.639148 0.841488 0.158512
     671   1   0   0   1   5  33     0     0       0.349814 0.628522 0.371478
     670   1   0   0   0   5  33     0     0       0.600805 0.849126 0.150874
     669   1   0   0   1   4  33     0     0       0.300698 0.641727 0.358273
     668   1   0   0   0   4  33     0     0       0.561948 0.857142 0.142858
     667   1   0   0   1   3  33     0     0       0.251440 0.655488 0.344512
     666   1   0   0   0   3  33     0     0       0.523217 0.865296 0.134704
     665   1   0   0   1   2  33     0     0       0.202483 0.669655 0.330345
     664   1   0   0   0   2  33     0     0       0.484936 0.873482 0.126518
     663   1   0   0   1   1  33     0     0       0.154128 0.684151 0.315849
     662   1   0   0   0   1  33     0     0       0.447349 0.881640 0.118360
     661   1   0   0   1   0  33     0     0       0.106636 0.698912 0.301088
     660   1   0   0   0   0  33     0     0       0.410677 0.889725 0.110275
     659   1   0   0   1   9  32     0     0       0.565195 0.593056 0.406944
     658   1   0   0   0   9  32     0     0       0.787787 0.826646 0.173354
     657   1   0   0   1   8  32     0     0       0.541327 0.597233 0.402767
     656   1   0   0   0   8  32     0     0       0.767331 0.829366 0.170634
     655   1   0   0   1   7  32     0     0       0.502382 0.604943 0.395057
     654   1   0   0   0   7  32     0     0       0.734636 0.834337 0.165663
     653   1   0   0   1   6  32     0     0       0.455104 0.615310 0.384690
     652   1   0   0   0   6  32     0     0       0.695664 0.840916 0.159084
     651   1   0   0   1   5  32     0     0       0.403922 0.627411 0.372589
     650   1   0   0   0   5  32     0     0       0.654042 0.848443 0.151557
     649   1   0   0   1   4  32     0     0       0.351284 0.640545 0.359455
     648   1   0   0   0   4  32     0     0       0.611623 0.856432 0.143568
     647   1   0   0   1   3  32     0     0       0.298370 0.654309 0.345691
     646   1   0   0   0   3  32     0     0       0.569253 0.864606 0.135394
     645   1   0   0   1   2  32     0     0       0.245758 0.668513 0.331487
     644   1   0   0   0   2  32     0     0       0.527357 0.872830 0.127170
     643   1   0   0   1   1  32     0     0       0.193806 0.683061 0.316939
     642   1   0   0   0   1  32     0     0       0.486223 0.881035 0.118965
     641   1   0   0   1   0  32     0     0       0.142811 0.697883 0.302117
     640   1   0   0   0   0  32     0     0       0.446101 0.889168 0.110832
     639   1   0   0   1   9  31     0     0       0.620575 0.593057 0.406943
     638   1   0   0   0   9  31     0     0       0.843168 0.826646 0.173354
     637   1   0   0   1   8  31     0     0       0.596347 0.597070 0.402930
     636   1   0   0   0   8  31     0     0       0.822218 0.829261 0.170739
     635   1   0   0   1   7  31     0     0       0.556294 0.604482 0.395518
     634   1   0   0   0   7  31     0     0       0.788176 0.834042 0.165958
     633   1   0   0   1   6  31     0     0       0.507032 0.614548 0.385452
     632   1   0   0   0   6  31     0     0       0.746985 0.840436 0.159564
     631   1   0   0   1   5  31     0     0       0.453154 0.626445 0.373555
     630   1   0   0   0   5  31     0     0       0.702516 0.847848 0.152152
     629   1   0   0   1   4  31     0     0       0.397398 0.639488 0.360512
     628   1   0   0   0   4  31     0     0       0.656919 0.855796 0.144204
     627   1   0   0   1   3  31     0     0       0.341189 0.653240 0.346760
     626   1   0   0   0   3  31     0     0       0.611258 0.863978 0.136022
     625   1   0   0   1   2  31     0     0       0.285253 0.667471 0.332529
     624   1   0   0   0   2  31     0     0       0.566071 0.872234 0.127766
     623   1   0   0   1   1  31     0     0       0.230021 0.682064 0.317936
     622   1   0   0   0   1  31     0     0       0.521701 0.880479 0.119521
     621   1   0   0   1   0  31     0     0       0.175825 0.696939 0.303061
     620   1   0   0   0   0  31     0     0       0.478426 0.888657 0.111343
     619   1   0   0   1   9  30     0     0       0.670418 0.593057 0.406943
     618   1   0   0   0   9  30     0     0       0.893011 0.826646 0.173354
     617   1   0   0   1   8  30     0     0       0.645921 0.596948 0.403052
     616   1   0   0   0   8  30     0     0       0.871693 0.829181 0.170819
     615   1   0   0   1   7  30     0     0       0.604999 0.604118 0.395882
     614   1   0   0   0   7  30     0     0       0.836587 0.833809 0.166191
     613   1   0   0   1   6  30     0     0       0.554104 0.613915 0.386085
     612   1   0   0   0   6  30     0     0       0.793553 0.840037 0.159963
     611   1   0   0   1   5  30     0     0       0.497920 0.625610 0.374390
     610   1   0   0   0   5  30     0     0       0.746626 0.847333 0.152667
     609   1   0   0   1   4  30     0     0       0.439416 0.638548 0.361452
     608   1   0   0   0   4  30     0     0       0.698211 0.855230 0.144770
     607   1   0   0   1   3  30     0     0       0.380249 0.652273 0.347727
     606   1   0   0   0   3  30     0     0       0.649582 0.863410 0.136590
     605   1   0   0   1   2  30     0     0       0.321298 0.666521 0.333479
     604   1   0   0   0   2  30     0     0       0.601404 0.871690 0.128310
     603   1   0   0   1   1  30     0     0       0.263075 0.681152 0.318848
     602   1   0   0   0   1  30     0     0       0.554081 0.879970 0.120030
     601   1   0   0   1   0  30     0     0       0.205955 0.696075 0.303925
     600   1   0   0   0   0  30     0     0       0.507926 0.888188 0.111812
     599   1   0   0   1   9  29     0     0       0.715276 0.593057 0.406943
     598   1   0   0   0   9  29     0     0       0.937869 0.826646 0.173354
     597   1   0   0   1   8  29     0     0       0.690580 0.596857 0.403143
     596   1   0   0   0   8  29     0     0       0.916278 0.829122 0.170878
     595   1   0   0   1   7  29     0     0       0.648976 0.603832 0.396168
     594   1   0   0   0   7  29     0     0       0.880333 0.833625 0.166375
     593   1   0   0   1   6  29     0     0       0.596745 0.613394 0.386606
     592   1   0   0   0   6  29     0     0       0.835777 0.839708 0.160292
     591   1   0   0   1   5  29     0     0       0.538599 0.624893 0.375107
     590   1   0   0   0   5  29     0     0       0.786741 0.846890 0.153110
     589   1   0   0   1   4  29     0     0       0.477687 0.637718 0.362282
     588   1   0   0   0   4  29     0     0       0.735839 0.854728 0.145272
     587   1   0   0   1   3  29     0     0       0.415873 0.651403 0.348597
     586   1   0   0   0   3  29     0     0       0.684543 0.862897 0.137103
     585   1   0   0   1   2  29     0     0       0.354191 0.665658 0.334342
     584   1   0   0   0   2  29     0     0       0.633649 0.871194 0.128806
     583   1   0   0   1   1  29     0     0       0.293245 0.680319 0.319681
     582   1   0   0   0   1  29     0     0       0.583634 0.879505 0.120495
     581   1   0   0   1   0  29     0     0       0.233456 0.695284 0.304716
     580   1   0   0   0   0  29     0     0       0.534850 0.887759 0.112241
     579   1   0   0   1   9  28     0     0       0.755648 0.593057 0.406943
     578   1   0   0   0   9  28     0     0       0.978241 0.826646 0.173354
     577   1   0   0   1   8  28     0     0       0.730804 0.596789 0.403211
     576   1   0   0   0   8  28     0     0       0.956447 0.829078 0.170922
     575   1   0   0   1   7  28     0     0       0.688668 0.603608 0.396392
     574   1   0   0   0   7  28     0     0       0.919844 0.833481 0.166519
     573   1   0   0   1   6  28     0     0       0.635346 0.612965 0.387035
     572   1   0   0   0   6  28     0     0       0.874037 0.839438 0.160562
     571   1   0   0   1   5  28     0     0       0.575540 0.624282 0.375718
     570   1   0   0   0   5  28     0     0       0.823201 0.846512 0.153488
     569   1   0   0   1   4  28     0     0       0.512527 0.636989 0.363011
     568   1   0   0   0   4  28     0     0       0.770114 0.854287 0.145713
     567   1   0   0   1   3  28     0     0       0.448355 0.650623 0.349377
     566   1   0   0   0   3  28     0     0       0.716429 0.862436 0.137564
     565   1   0   0   1   2  28     0     0       0.384207 0.664875 0.335125
     564   1   0   0   0   2  28     0     0       0.663076 0.870743 0.129257
     563   1   0   0   1   1  28     0     0       0.320783 0.679559 0.320441
     562   1   0   0   0   1  28     0     0       0.610610 0.879080 0.120920
     561   1   0   0   1   0  28     0     0       0.258558 0.694561 0.305439
     560   1   0   0   0   0  28     0     0       0.559424 0.887365 0.112635
     559   1   0   0   1   9  27     0     0       0.791984 0.593057 0.406943
     558   1   0   0   0   9  27     0     0       1.014577 0.826646 0.173354
     557   1   0   0   1   8  27     0     0       0.767029 0.596739 0.403261
     556   1   0   0   0   8  27     0     0       0.992631 0.829046 0.170954
     555   1   0   0   1   7  27     0     0       0.724478 0.603432 0.396568
     554   1   0   0   0   7  27     0     0       0.955512 0.833368 0.166632
     553   1   0   0   1   6  27     0     0       0.670270 0.612615 0.387385
     552   1   0   0   0   6  27     0     0       0.908681 0.839217 0.160783
     551   1   0   0   1   5  27     0     0       0.609064 0.623764 0.376236
     550   1   0   0   0   5  27     0     0       0.856318 0.846191 0.153809
     549   1   0   0   1   4  27     0     0       0.544228 0.636351 0.363649
     548   1   0   0   0   4  27     0     0       0.801321 0.853901 0.146099
     547   1   0   0   1   3  27     0     0       0.477962 0.649926 0.350074
     546   1   0   0   0   3  27     0     0       0.745504 0.862025 0.137975
     545   1   0   0   1   2  27     0     0       0.411592 0.664166 0.335834
     544   1   0   0   0   2  27     0     0       0.689928 0.870335 0.129665
     543   1   0   0   1   1  27     0     0       0.345918 0.678866 0.321134
     542   1   0   0   0   1  27     0     0       0.635232 0.878692 0.121308
     541   1   0   0   1   0  27     0     0       0.281471 0.693901 0.306099
     540   1   0   0   0   0  27     0     0       0.581853 0.887005 0.112995
     539   1   0   0   1   9  26     0     0       0.824685 0.593057 0.406943
     538   1   0   0   0   9  26     0     0       1.047278 0.826646 0.173354
     537   1   0   0   1   8  26     0     0       0.799648 0.596702 0.403298
     536   1   0   0   0   8  26     0     0       1.025220 0.829021 0.170979
     535   1   0   0   1   7  26     0     0       0.756774 0.603295 0.396705
     534   1   0   0   0   7  26     0     0       0.987697 0.833280 0.166720
     533   1   0   0   1   6  26     0     0       0.701849 0.612331 0.387669
     532   1   0   0   0   6  26     0     0       0.940033 0.839037 0.160963
     531   1   0   0   1   5  26     0     0       0.639470 0.623326 0.376674
     530   1   0   0   0   5  26     0     0       0.886378 0.845920 0.154080
     529   1   0   0   1   4  26     0     0       0.573058 0.635796 0.364204
     528   1   0   0   0   4  26     0     0       0.829719 0.853565 0.146435
     527   1   0   0   1   3  26     0     0       0.504939 0.649306 0.350694
     526   1   0   0   0   3  26     0     0       0.772007 0.861658 0.138342
     525   1   0   0   1   2  26     0     0       0.436574 0.663526 0.336474
     524   1   0   0   0   2  26     0     0       0.714428 0.869966 0.130034
     523   1   0   0   1   1  26     0     0       0.368859 0.678237 0.321763
     522   1   0   0   0   1  26     0     0       0.657705 0.878338 0.121662
     521   1   0   0   1   0  26     0     0       0.302386 0.693297 0.306703
     520   1   0   0   0   0  26     0     0       0.602327 0.886676 0.113324
     519   1   0   0   1   9  25     0     0       0.854117 0.593057 0.406943
     518   1   0   0   0   9  25     0     0       1.076710 0.826646 0.173354
     517   1   0   0   1   8  25     0     0       0.829019 0.596674 0.403326
     516   1   0   0   0   8  25     0     0       1.054567 0.829003 0.170997
     515   1   0   0   1   7  25     0     0       0.785894 0.603188 0.396812
     514   1   0   0   0   7  25     0     0       1.016731 0.833212 0.166788
     513   1   0   0   1   6  25     0     0       0.730390 0.612100 0.387900
     512   1   0   0   0   6  25     0     0       0.968389 0.838891 0.161109
     511   1   0   0   1   5  25     0     0       0.667030 0.622958 0.377042
     510   1   0   0   0   5  25     0     0       0.913648 0.845692 0.154308
     509   1   0   0   1   4  25     0     0       0.599261 0.635315 0.364685
     508   1   0   0   0   4  25     0     0       0.855550 0.853273 0.146727
     507   1   0   0   1   3  25     0     0       0.529511 0.648756 0.351244
     506   1   0   0   0   3  25     0     0       0.796159 0.861332 0.138668
     505   1   0   0   1   2  25     0     0       0.459357 0.662950 0.337050
     504   1   0   0   0   2  25     0     0       0.736778 0.869634 0.130366
     503   1   0   0   1   1  25     0     0       0.389795 0.677664 0.322336
     502   1   0   0   0   1  25     0     0       0.678217 0.878017 0.121983
     501   1   0   0   1   0  25     0     0       0.321478 0.692746 0.307254
     500   1   0   0   0   0  25     0     0       0.621016 0.886375 0.113625
     499   1   0   0   1   9  24     0     0       0.880605 0.593057 0.406943
     498   1   0   0   0   9  24     0     0       1.103198 0.826646 0.173354
     497   1   0   0   1   8  24     0     0       0.855462 0.596653 0.403347
     496   1   0   0   0   8  24     0     0       1.080993 0.828990 0.171010
     495   1   0   0   1   7  24     0     0       0.812142 0.603105 0.396895
     494   1   0   0   0   7  24     0     0       1.042912 0.833158 0.166842
     493   1   0   0   1   6  24     0     0       0.756172 0.611913 0.388087
     492   1   0   0   0   6  24     0     0       0.994022 0.838773 0.161227
     491   1   0   0   1   5  24     0     0       0.691995 0.622650 0.377350
     490   1   0   0   0   5  24     0     0       0.938371 0.845501 0.154499
     489   1   0   0   1   4  24     0     0       0.623065 0.634901 0.365099
     488   1   0   0   0   4  24     0     0       0.879031 0.853022 0.146978
     487   1   0   0   1   3  24     0     0       0.551882 0.648271 0.351729
     486   1   0   0   0   3  24     0     0       0.818159 0.861045 0.138955
     485   1   0   0   1   2  24     0     0       0.480131 0.662433 0.337567
     484   1   0   0   0   2  24     0     0       0.757163 0.869336 0.130664
     483   1   0   0   1   1  24     0     0       0.408900 0.677146 0.322854
     482   1   0   0   0   1  24     0     0       0.696936 0.877725 0.122275
     481   1   0   0   1   0  24     0     0       0.338906 0.692244 0.307756
     480   1   0   0   0   0  24     0     0       0.638076 0.886100 0.113900
     479   1   0   0   1   9  23     0     0       0.904445 0.593057 0.406943
     478   1   0   0   0   9  23     0     0       1.127038 0.826646 0.173354
     477   1   0   0   1   8  23     0     0       0.879267 0.596638 0.403362
     476   1   0   0   0   8  23     0     0       1.104786 0.828980 0.171020
     475   1   0   0   1   7  23     0     0       0.835797 0.603041 0.396959
     474   1   0   0   0   7  23     0     0       1.066515 0.833117 0.166883
     473   1   0   0   1   6  23     0     0       0.779453 0.611762 0.388238
     472   1   0   0   0   6  23     0     0       1.017182 0.838678 0.161322
     471   1   0   0   1   5  23     0     0       0.714599 0.622393 0.377607
     470   1   0   0   0   5  23     0     0       0.960772 0.845341 0.154659
     469   1   0   0   1   4  23     0     0       0.644676 0.634545 0.365455
     468   1   0   0   0   4  23     0     0       0.900366 0.852805 0.147195
     467   1   0   0   1   3  23     0     0       0.572241 0.647844 0.352156
     466   1   0   0   0   3  23     0     0       0.838192 0.860792 0.139208
     465   1   0   0   1   2  23     0     0       0.499068 0.661971 0.338029
     464   1   0   0   0   2  23     0     0       0.775751 0.869068 0.130932
     463   1   0   0   1   1  23     0     0       0.426331 0.676676 0.323324
     462   1   0   0   0   1  23     0     0       0.714019 0.877461 0.122539
     461   1   0   0   1   0  23     0     0       0.354813 0.691787 0.308213
     460   1   0   0   0   0  23     0     0       0.653648 0.885850 0.114150
     459   1   0   0   1   9  22     0     0       0.925900 0.593057 0.406943
     458   1   0   0   0   9  22     0     0       1.148493 0.826646 0.173354
     457   1   0   0   1   8  22     0     0       0.900698 0.596626 0.403374
     456   1   0   0   0   8  22     0     0       1.126207 0.828972 0.171028
     455   1   0   0   1   7  22     0     0       0.857111 0.602991 0.397009
     454   1   0   0   0   7  22     0     0       1.087788 0.833085 0.166915
     453   1   0   0   1   6  22     0     0       0.800467 0.611641 0.388359
     452   1   0   0   0   6  22     0     0       1.038100 0.838601 0.161399
     451   1   0   0   1   5  22     0     0       0.735053 0.622180 0.377820
     450   1   0   0   0   5  22     0     0       0.981058 0.845209 0.154791
     449   1   0   0   1   4  22     0     0       0.664287 0.634240 0.365760
     448   1   0   0   0   4  22     0     0       0.919740 0.852621 0.147379
     447   1   0   0   1   3  22     0     0       0.590761 0.647471 0.352529
     446   1   0   0   0   3  22     0     0       0.856425 0.860570 0.139430
     445   1   0   0   1   2  22     0     0       0.516324 0.661558 0.338442
     444   1   0   0   0   2  22     0     0       0.792696 0.868830 0.131170
     443   1   0   0   1   1  22     0     0       0.442232 0.676252 0.323748
     442   1   0   0   0   1  22     0     0       0.729605 0.877222 0.122778
     441   1   0   0   1   0  22     0     0       0.369332 0.691371 0.308629
     440   1   0   0   0   0  22     0     0       0.667862 0.885622 0.114378
     439   1   0   0   1   9  21     0     0       0.945210 0.593057 0.406943
     438   1   0   0   0   9  21     0     0       1.167803 0.826646 0.173354
     437   1   0   0   1   8  21     0     0       0.919989 0.596618 0.403382
     436   1   0   0   0   8  21     0     0       1.145491 0.828967 0.171033
     435   1   0   0   1   7  21     0     0       0.876312 0.602952 0.397048
     434   1   0   0   0   7  21     0     0       1.106958 0.833060 0.166940
     433   1   0   0   1   6  21     0     0       0.819429 0.611544 0.388456
     432   1   0   0   0   6  21     0     0       1.056984 0.838540 0.161460
     431   1   0   0   1   5  21     0     0       0.753554 0.622003 0.377997
     430   1   0   0   0   5  21     0     0       0.999419 0.845099 0.154901
     429   1   0   0   1   4  21     0     0       0.682072 0.633981 0.366019
     428   1   0   0   0   4  21     0     0       0.937323 0.852463 0.147537
     427   1   0   0   1   3  21     0     0       0.607598 0.647145 0.352855
     426   1   0   0   0   3  21     0     0       0.873013 0.860377 0.139623
     425   1   0   0   1   2  21     0     0       0.532044 0.661192 0.338808
     424   1   0   0   0   2  21     0     0       0.808139 0.868617 0.131383
     423   1   0   0   1   1  21     0     0       0.456736 0.675871 0.324129
     422   1   0   0   0   1  21     0     0       0.743825 0.877007 0.122993
     421   1   0   0   1   0  21     0     0       0.382583 0.690993 0.309007
     420   1   0   0   0   0  21     0     0       0.680836 0.885415 0.114585
     419   1   0   0   1   9  20     0     0       0.962589 0.593057 0.406943
     418   1   0   0   0   9  20     0     0       1.185182 0.826646 0.173354
     417   1   0   0   1   8  20     0     0       0.937354 0.596611 0.403389
     416   1   0   0   0   8  20     0     0       1.162851 0.828963 0.171037
     415   1   0   0   1   7  20     0     0       0.893608 0.602922 0.397078
     414   1   0   0   0   7  20     0     0       1.124230 0.833041 0.166959
     413   1   0   0   1   6  20     0     0       0.836534 0.611467 0.388533
     412   1   0   0   0   6  20     0     0       1.074027 0.838491 0.161509
     411   1   0   0   1   5  20     0     0       0.770279 0.621858 0.378142
     410   1   0   0   0   5  20     0     0       1.016030 0.845008 0.154992
     409   1   0   0   1   4  20     0     0       0.698193 0.633761 0.366239
     408   1   0   0   0   4  20     0     0       0.953273 0.852329 0.147671
     407   1   0   0   1   3  20     0     0       0.622899 0.646862 0.353138
     406   1   0   0   0   3  20     0     0       0.888097 0.860208 0.139792
     405   1   0   0   1   2  20     0     0       0.546358 0.660866 0.339134
     404   1   0   0   0   2  20     0     0       0.822208 0.868429 0.131571
     403   1   0   0   1   1  20     0     0       0.469961 0.675527 0.324473
     402   1   0   0   0   1  20     0     0       0.756795 0.876813 0.123187
     401   1   0   0   1   0  20     0     0       0.394675 0.690650 0.309350
     400   1   0   0   0   0  20     0     0       0.692677 0.885227 0.114773
     399   1   0   0   1   9  19     0     0       0.978230 0.593057 0.406943
     398   1   0   0   0   9  19     0     0       1.200823 0.826646 0.173354
     397   1   0   0   1   8  19     0     0       0.952985 0.596606 0.403394
     396   1   0   0   0   8  19     0     0       1.178478 0.828960 0.171040
     395   1   0   0   1   7  19     0     0       0.909185 0.602899 0.397101
     394   1   0   0   0   7  19     0     0       1.139789 0.833026 0.166974
     393   1   0   0   1   6  19     0     0       0.851959 0.611405 0.388595
     392   1   0   0   0   6  19     0     0       1.089403 0.838452 0.161548
     391   1   0   0   1   5  19     0     0       0.785394 0.621738 0.378262
     390   1   0   0   0   5  19     0     0       1.031049 0.844934 0.155066
     389   1   0   0   1   4  19     0     0       0.712798 0.633575 0.366425
     388   1   0   0   0   4  19     0     0       0.967733 0.852216 0.147784
     387   1   0   0   1   3  19     0     0       0.636797 0.646616 0.353384
     386   1   0   0   0   3  19     0     0       0.901806 0.860062 0.139938
     385   1   0   0   1   2  19     0     0       0.559388 0.660579 0.339421
     384   1   0   0   0   2  19     0     0       0.835021 0.868262 0.131738
     383   1   0   0   1   1  19     0     0       0.482018 0.675220 0.324780
     382   1   0   0   0   1  19     0     0       0.768623 0.876640 0.123360
     381   1   0   0   1   0  19     0     0       0.405708 0.690340 0.309660
     380   1   0   0   0   0  19     0     0       0.703482 0.885057 0.114943
     379   1   0   0   1   9  18     0     0       0.992307 0.593057 0.406943
     378   1   0   0   0   9  18     0     0       1.214900 0.826646 0.173354
     377   1   0   0   1   8  18     0     0       0.967054 0.596603 0.403397
     376   1   0   0   0   8  18     0     0       1.192544 0.828957 0.171043
     375   1   0   0   1   7  18     0     0       0.923214 0.602882 0.397118
     374   1   0   0   0   7  18     0     0       1.153802 0.833015 0.166985
     373   1   0   0   1   6  18     0     0       0.865866 0.611356 0.388644
     372   1   0   0   0   6  18     0     0       1.103271 0.838420 0.161580
     371   1   0   0   1   5  18     0     0       0.799047 0.621639 0.378361
     370   1   0   0   0   5  18     0     0       1.044625 0.844873 0.155127
     369   1   0   0   1   4  18     0     0       0.726024 0.633418 0.366582
     368   1   0   0   0   4  18     0     0       0.980837 0.852120 0.147880
     367   1   0   0   1   3  18     0     0       0.649415 0.646404 0.353596
     366   1   0   0   0   3  18     0     0       0.914261 0.859936 0.140064
     365   1   0   0   1   2  18     0     0       0.571244 0.660326 0.339674
     364   1   0   0   0   2  18     0     0       0.846685 0.868116 0.131884
     363   1   0   0   1   1  18     0     0       0.493006 0.674944 0.325056
     362   1   0   0   0   1  18     0     0       0.779406 0.876484 0.123516
     361   1   0   0   1   0  18     0     0       0.415774 0.690059 0.309941
     360   1   0   0   0   0  18     0     0       0.713342 0.884903 0.115097
     359   1   0   0   1   9  17     0     0       1.004977 0.593057 0.406943
     358   1   0   0   0   9  17     0     0       1.227570 0.826646 0.173354
     357   1   0   0   1   8  17     0     0       0.979717 0.596600 0.403400
     356   1   0   0   0   8  17     0     0       1.205206 0.828956 0.171044
     355   1   0   0   1   7  17     0     0       0.935845 0.602868 0.397132
     354   1   0   0   0   7  17     0     0       1.166423 0.833006 0.166994
     353   1   0   0   1   6  17     0     0       0.878403 0.611317 0.388683
     352   1   0   0   0   6  17     0     0       1.115776 0.838396 0.161604
     351   1   0   0   1   5  17     0     0       0.811376 0.621559 0.378441
     350   1   0   0   0   5  17     0     0       1.056890 0.844823 0.155177
     349   1   0   0   1   4  17     0     0       0.737995 0.633286 0.366714
     348   1   0   0   0   4  17     0     0       0.992705 0.852040 0.147960
     347   1   0   0   1   3  17     0     0       0.660864 0.646221 0.353779
     346   1   0   0   0   3  17     0     0       0.925571 0.859827 0.140173
     345   1   0   0   1   2  17     0     0       0.582027 0.660104 0.339896
     344   1   0   0   0   2  17     0     0       0.857301 0.867987 0.132013
     343   1   0   0   1   1  17     0     0       0.503017 0.674699 0.325301
     342   1   0   0   0   1  17     0     0       0.789235 0.876345 0.123655
     341   1   0   0   1   0  17     0     0       0.424955 0.689806 0.310194
     340   1   0   0   0   0  17     0     0       0.722338 0.884764 0.115236
     339   1   0   0   1   9  16     0     0       1.016379 0.593057 0.406943
     338   1   0   0   0   9  16     0     0       1.238972 0.826646 0.173354
     337   1   0   0   1   8  16     0     0       0.991115 0.596598 0.403402
     336   1   0   0   0   8  16     0     0       1.216602 0.828954 0.171046
     335   1   0   0   1   7  16     0     0       0.947219 0.602858 0.397142
     334   1   0   0   0   7  16     0     0       1.177789 0.832999 0.167001
     333   1   0   0   1   6  16     0     0       0.889701 0.611285 0.388715
     332   1   0   0   0   6  16     0     0       1.127049 0.838376 0.161624
     331   1   0   0   1   5  16     0     0       0.822505 0.621493 0.378507
     330   1   0   0   0   5  16     0     0       1.067968 0.844782 0.155218
     329   1   0   0   1   4  16     0     0       0.748825 0.633175 0.366825
     328   1   0   0   0   4  16     0     0       1.003449 0.851972 0.148028
     327   1   0   0   1   3  16     0     0       0.671249 0.646064 0.353936
     326   1   0   0   0   3  16     0     0       0.935835 0.859734 0.140266
     325   1   0   0   1   2  16     0     0       0.591830 0.659909 0.340091
     324   1   0   0   0   2  16     0     0       0.866957 0.867874 0.132126
     323   1   0   0   1   1  16     0     0       0.512136 0.674480 0.325520
     322   1   0   0   0   1  16     0     0       0.798191 0.876222 0.123778
     321   1   0   0   1   0  16     0     0       0.433329 0.689578 0.310422
     320   1   0   0   0   0  16     0     0       0.730544 0.884639 0.115361
     319   1   0   0   1   9  15     0     0       1.026641 0.593057 0.406943
     318   1   0   0   0   9  15     0     0       1.249234 0.826646 0.173354
     317   1   0   0   1   8  15     0     0       1.001374 0.596597 0.403403
     316   1   0   0   0   8  15     0     0       1.226860 0.828953 0.171047
     315   1   0   0   1   7  15     0     0       0.957459 0.602849 0.397151
     314   1   0   0   0   7  15     0     0       1.188022 0.832994 0.167006
     313   1   0   0   1   6  15     0     0       0.899881 0.611261 0.388739
     312   1   0   0   0   6  15     0     0       1.137210 0.838360 0.161640
     311   1   0   0   1   5  15     0     0       0.832549 0.621439 0.378561
     310   1   0   0   0   5  15     0     0       1.077969 0.844748 0.155252
     309   1   0   0   1   4  15     0     0       0.758620 0.633083 0.366917
     308   1   0   0   0   4  15     0     0       1.013172 0.851916 0.148084
     307   1   0   0   1   3  15     0     0       0.680663 0.645930 0.354070
     306   1   0   0   0   3  15     0     0       0.945146 0.859654 0.140346
     305   1   0   0   1   2  15     0     0       0.600738 0.659739 0.340261
     304   1   0   0   0   2  15     0     0       0.875736 0.867775 0.132225
     303   1   0   0   1   1  15     0     0       0.520439 0.674286 0.325714
     302   1   0   0   0   1  15     0     0       0.806349 0.876112 0.123888
     301   1   0   0   1   0  15     0     0       0.440963 0.689373 0.310627
     300   1   0   0   0   0  15     0     0       0.738028 0.884526 0.115474
     299   1   0   0   1   9  14     0     0       1.035877 0.593057 0.406943
     298   1   0   0   0   9  14     0     0       1.258470 0.826646 0.173354
     297   1   0   0   1   8  14     0     0       1.010608 0.596596 0.403404
     296   1   0   0   0   8  14     0     0       1.236093 0.828953 0.171047
     295   1   0   0   1   7  14     0     0       0.966679 0.602843 0.397157
     294   1   0   0   0   7  14     0     0       1.197237 0.832990 0.167010
     293   1   0   0   1   6  14     0     0       0.909053 0.611241 0.388759
     292   1   0   0   0   6  14     0     0       1.146366 0.838348 0.161652
     291   1   0   0   1   5  14     0     0       0.841610 0.621396 0.378604
     290   1   0   0   0   5  14     0     0       1.086995 0.844721 0.155279
     289   1   0   0   1   4  14     0     0       0.767474 0.633006 0.366994
     288   1   0   0   0   4  14     0     0       1.021966 0.851869 0.148131
     287   1   0   0   1   3  14     0     0       0.689194 0.645816 0.354184
     286   1   0   0   0   3  14     0     0       0.953589 0.859586 0.140414
     285   1   0   0   1   2  14     0     0       0.608830 0.659591 0.340409
     284   1   0   0   0   2  14     0     0       0.883716 0.867689 0.132311
     283   1   0   0   1   1  14     0     0       0.527997 0.674114 0.325886
     282   1   0   0   0   1  14     0     0       0.813779 0.876015 0.123985
     281   1   0   0   1   0  14     0     0       0.447922 0.689189 0.310811
     280   1   0   0   0   0  14     0     0       0.744852 0.884425 0.115575
     279   1   0   0   1   9  13     0     0       1.044190 0.593057 0.406943
     278   1   0   0   0   9  13     0     0       1.266783 0.826646 0.173354
     277   1   0   0   1   8  13     0     0       1.018919 0.596595 0.403405
     276   1   0   0   0   8  13     0     0       1.244403 0.828952 0.171048
     275   1   0   0   1   7  13     0     0       0.974978 0.602838 0.397162
     274   1   0   0   0   7  13     0     0       1.205532 0.832987 0.167013
     273   1   0   0   1   6  13     0     0       0.917316 0.611226 0.388774
     272   1   0   0   0   6  13     0     0       1.154616 0.838338 0.161662
     271   1   0   0   1   5  13     0     0       0.849782 0.621361 0.378639
     270   1   0   0   0   5  13     0     0       1.095140 0.844699 0.155301
     269   1   0   0   1   4  13     0     0       0.775475 0.632942 0.367058
     268   1   0   0   0   4  13     0     0       1.029917 0.851830 0.148170
     267   1   0   0   1   3  13     0     0       0.696921 0.645718 0.354282
     266   1   0   0   0   3  13     0     0       0.961242 0.859528 0.140472
     265   1   0   0   1   2  13     0     0       0.616177 0.659462 0.340538
     264   1   0   0   0   2  13     0     0       0.890966 0.867614 0.132386
     263   1   0   0   1   1  13     0     0       0.534873 0.673962 0.326038
     262   1   0   0   0   1  13     0     0       0.820542 0.875929 0.124071
     261   1   0   0   1   0  13     0     0       0.454265 0.689025 0.310975
     260   1   0   0   0   0  13     0     0       0.751073 0.884334 0.115666
     259   1   0   0   1   9  12     0     0       1.051671 0.593057 0.406943
     258   1   0   0   0   9  12     0     0       1.274264 0.826646 0.173354
     257   1   0   0   1   8  12     0     0       1.026398 0.596594 0.403406
     256   1   0   0   0   8  12     0     0       1.251882 0.828952 0.171048
     255   1   0   0   1   7  12     0     0       0.982450 0.602835 0.397165
     254   1   0   0   0   7  12     0     0       1.213001 0.832985 0.167015
     253   1   0   0   1   6  12     0     0       0.924758 0.611214 0.388786
     252   1   0   0   0   6  12     0     0       1.162049 0.838331 0.161669
     251   1   0   0   1   5  12     0     0       0.857152 0.621332 0.378668
     250   1   0   0   0   5  12     0     0       1.102487 0.844682 0.155318
     249   1   0   0   1   4  12     0     0       0.782702 0.632889 0.367111
     248   1   0   0   0   4  12     0     0       1.037103 0.851798 0.148202
     247   1   0   0   1   3  12     0     0       0.703917 0.645635 0.354365
     246   1   0   0   0   3  12     0     0       0.968174 0.859479 0.140521
     245   1   0   0   1   2  12     0     0       0.622845 0.659351 0.340649
     244   1   0   0   0   2  12     0     0       0.897550 0.867549 0.132451
     243   1   0   0   1   1  12     0     0       0.541127 0.673828 0.326172
     242   1   0   0   0   1  12     0     0       0.826696 0.875853 0.124147
     241   1   0   0   1   0  12     0     0       0.460043 0.688877 0.311123
     240   1   0   0   0   0  12     0     0       0.756743 0.884253 0.115747
     239   1   0   0   1   9  11     0     0       1.058404 0.593057 0.406943
     238   1   0   0   0   9  11     0     0       1.280997 0.826646 0.173354
     237   1   0   0   1   8  11     0     0       1.033130 0.596594 0.403406
     236   1   0   0   0   8  11     0     0       1.258614 0.828951 0.171049
     235   1   0   0   1   7  11     0     0       0.989175 0.602832 0.397168
     234   1   0   0   0   7  11     0     0       1.219724 0.832983 0.167017
     233   1   0   0   1   6  11     0     0       0.931460 0.611204 0.388796
     232   1   0   0   0   6  11     0     0       1.168744 0.838325 0.161675
     231   1   0   0   1   5  11     0     0       0.863796 0.621309 0.378691
     230   1   0   0   0   5  11     0     0       1.109113 0.844667 0.155333
     229   1   0   0   1   4  11     0     0       0.789229 0.632844 0.367156
     228   1   0   0   0   4  11     0     0       1.043595 0.851771 0.148229
     227   1   0   0   1   3  11     0     0       0.710248 0.645565 0.354435
     226   1   0   0   0   3  11     0     0       0.974451 0.859437 0.140563
     225   1   0   0   1   2  11     0     0       0.628894 0.659255 0.340745
     224   1   0   0   0   2  11     0     0       0.903526 0.867493 0.132507
     223   1   0   0   1   1  11     0     0       0.546813 0.673710 0.326290
     222   1   0   0   0   1  11     0     0       0.832295 0.875786 0.124214
     221   1   0   0   1   0  11     0     0       0.465306 0.688746 0.311254
     220   1   0   0   0   0  11     0     0       0.761910 0.884181 0.115819
     219   1   0   0   1   9  10     0     0       1.064463 0.593057 0.406943
     218   1   0   0   0   9  10     0     0       1.287056 0.826646 0.173354
     217   1   0   0   1   8  10     0     0       1.039189 0.596594 0.403406
     216   1   0   0   0   8  10     0     0       1.264672 0.828951 0.171049
     215   1   0   0   1   7  10     0     0       0.995229 0.602830 0.397170
     214   1   0   0   0   7  10     0     0       1.225776 0.832982 0.167018
     213   1   0   0   1   6  10     0     0       0.937496 0.611197 0.388803
     212   1   0   0   0   6  10     0     0       1.174774 0.838320 0.161680
     211   1   0   0   1   5  10     0     0       0.869785 0.621290 0.378710
     210   1   0   0   0   5  10     0     0       1.115087 0.844656 0.155344
     209   1   0   0   1   4  10     0     0       0.795122 0.632808 0.367192
     208   1   0   0   0   4  10     0     0       1.049460 0.851749 0.148251
     207   1   0   0   1   3  10     0     0       0.715976 0.645506 0.354494
     206   1   0   0   0   3  10     0     0       0.980134 0.859402 0.140598
     205   1   0   0   1   2  10     0     0       0.634379 0.659172 0.340828
     204   1   0   0   0   2  10     0     0       0.908948 0.867445 0.132555
     203   1   0   0   1   1  10     0     0       0.551981 0.673607 0.326393
     202   1   0   0   0   1  10     0     0       0.837385 0.875728 0.124272
     201   1   0   0   1   0  10     0     0       0.470098 0.688629 0.311371
     200   1   0   0   0   0  10     0     0       0.766616 0.884117 0.115883
     199   1   0   0   1   9   9     0     0       1.069917 0.593057 0.406943
     198   1   0   0   0   9   9     0     0       1.292510 0.826646 0.173354
     197   1   0   0   1   8   9     0     0       1.044642 0.596593 0.403407
     196   1   0   0   0   8   9     0     0       1.270125 0.828951 0.171049
     195   1   0   0   1   7   9     0     0       1.000679 0.602828 0.397172
     194   1   0   0   0   7   9     0     0       1.231224 0.832980 0.167020
     193   1   0   0   1   6   9     0     0       0.942932 0.611191 0.388809
     192   1   0   0   0   6   9     0     0       1.180204 0.838316 0.161684
     191   1   0   0   1   5   9     0     0       0.875182 0.621275 0.378725
     190   1   0   0   0   5   9     0     0       1.120473 0.844646 0.155354
     189   1   0   0   1   4   9     0     0       0.800440 0.632778 0.367222
     188   1   0   0   0   4   9     0     0       1.054754 0.851730 0.148270
     187   1   0   0   1   3   9     0     0       0.721155 0.645456 0.354544
     186   1   0   0   0   3   9     0     0       0.985275 0.859372 0.140628
     185   1   0   0   1   2   9     0     0       0.639350 0.659100 0.340900
     184   1   0   0   0   2   9     0     0       0.913865 0.867404 0.132596
     183   1   0   0   1   1   9     0     0       0.556676 0.673517 0.326483
     182   1   0   0   0   1   9     0     0       0.842013 0.875677 0.124323
     181   1   0   0   1   0   9     0     0       0.474459 0.688526 0.311474
     180   1   0   0   0   0   9     0     0       0.770902 0.884060 0.115940
     177   1   0   0   1   8   8     0     0       1.049550 0.596593 0.403407
     176   1   0   0   0   8   8     0     0       1.275033 0.828951 0.171049
     175   1   0   0   1   7   8     0     0       1.005584 0.602827 0.397173
     174   1   0   0   0   7   8     0     0       1.236128 0.832980 0.167020
     173   1   0   0   1   6   8     0     0       0.947826 0.611186 0.388814
     172   1   0   0   0   6   8     0     0       1.185095 0.838313 0.161687
     171   1   0   0   1   5   8     0     0       0.880046 0.621263 0.378737
     170   1   0   0   0   5   8     0     0       1.125327 0.844639 0.155361
     169   1   0   0   1   4   8     0     0       0.805238 0.632753 0.367247
     168   1   0   0   0   4   8     0     0       1.059534 0.851715 0.148285
     167   1   0   0   1   3   8     0     0       0.725838 0.645415 0.354585
     166   1   0   0   0   3   8     0     0       0.989925 0.859347 0.140653
     165   1   0   0   1   2   8     0     0       0.643854 0.659039 0.340961
     164   1   0   0   0   2   8     0     0       0.918323 0.867368 0.132632
     163   1   0   0   1   1   8     0     0       0.560939 0.673438 0.326562
     162   1   0   0   0   1   8     0     0       0.846218 0.875632 0.124368
     161   1   0   0   1   0   8     0     0       0.478429 0.688434 0.311566
     160   1   0   0   0   0   8     0     0       0.774803 0.884009 0.115991
     155   1   0   0   1   7   7     0     0       1.009999 0.602826 0.397174
     154   1   0   0   0   7   7     0     0       1.240543 0.832979 0.167021
     153   1   0   0   1   6   7     0     0       0.952232 0.611183 0.388817
     152   1   0   0   0   6   7     0     0       1.189498 0.838311 0.161689
     151   1   0   0   1   5   7     0     0       0.884428 0.621254 0.378746
     150   1   0   0   0   5   7     0     0       1.129701 0.844633 0.155367
     149   1   0   0   1   4   7     0     0       0.809567 0.632733 0.367267
     148   1   0   0   0   4   7     0     0       1.063846 0.851703 0.148297
     147   1   0   0   1   3   7     0     0       0.730069 0.645379 0.354621
     146   1   0   0   0   3   7     0     0       0.994130 0.859326 0.140674
     145   1   0   0   1   2   7     0     0       0.647934 0.658987 0.341013
     144   1   0   0   0   2   7     0     0       0.922363 0.867338 0.132662
     143   1   0   0   1   1   7     0     0       0.564810 0.673369 0.326631
     142   1   0   0   0   1   7     0     0       0.850036 0.875593 0.124407
     141   1   0   0   1   0   7     0     0       0.482039 0.688352 0.311648
     140   1   0   0   0   0   7     0     0       0.778354 0.883964 0.116036
     133   1   0   0   1   6   6     0     0       0.956199 0.611180 0.388820
     132   1   0   0   0   6   6     0     0       1.193463 0.838309 0.161691
     131   1   0   0   1   5   6     0     0       0.888376 0.621246 0.378754
     130   1   0   0   0   5   6     0     0       1.133643 0.844628 0.155372
     129   1   0   0   1   4   6     0     0       0.813471 0.632717 0.367283
     128   1   0   0   0   4   6     0     0       1.067738 0.851693 0.148307
     127   1   0   0   1   3   6     0     0       0.733892 0.645350 0.354650
     126   1   0   0   0   3   6     0     0       0.997930 0.859308 0.140692
     125   1   0   0   1   2   6     0     0       0.651627 0.658942 0.341058
     124   1   0   0   0   2   6     0     0       0.926023 0.867312 0.132688
     123   1   0   0   1   1   6     0     0       0.568322 0.673309 0.326691
     122   1   0   0   0   1   6     0     0       0.853504 0.875559 0.124441
     121   1   0   0   1   0   6     0     0       0.485322 0.688280 0.311720
     120   1   0   0   0   0   6     0     0       0.781584 0.883925 0.116075
     111   1   0   0   1   5   5     0     0       0.891932 0.621240 0.378760
     110   1   0   0   0   5   5     0     0       1.137194 0.844624 0.155376
     109   1   0   0   1   4   5     0     0       0.816991 0.632703 0.367297
     108   1   0   0   0   4   5     0     0       1.071247 0.851685 0.148315
     107   1   0   0   1   3   5     0     0       0.737345 0.645325 0.354675
     106   1   0   0   0   3   5     0     0       1.001364 0.859294 0.140706
     105   1   0   0   1   2   5     0     0       0.654970 0.658904 0.341096
     104   1   0   0   0   2   5     0     0       0.929336 0.867289 0.132711
     103   1   0   0   1   1   5     0     0       0.571507 0.673257 0.326743
     102   1   0   0   0   1   5     0     0       0.856651 0.875530 0.124470
     101   1   0   0   1   0   5     0     0       0.488307 0.688217 0.311783
     100   1   0   0   0   0   5     0     0       0.784522 0.883890 0.116110
      89   1   0   0   1   4   4     0     0       0.820165 0.632692 0.367308
      88   1   0   0   0   4   4     0     0       1.074412 0.851678 0.148322
      87   1   0   0   1   3   4     0     0       0.740462 0.645305 0.354695
      86   1   0   0   0   3   4     0     0       1.004465 0.859282 0.140718
      85   1   0   0   1   2   4     0     0       0.657994 0.658871 0.341129
      84   1   0   0   0   2   4     0     0       0.932336 0.867270 0.132730
      83   1   0   0   1   1   4     0     0       0.574395 0.673212 0.326788
      82   1   0   0   0   1   4     0     0       0.859506 0.875504 0.124496
      81   1   0   0   1   0   4     0     0       0.491019 0.688161 0.311839
      80   1   0   0   0   0   4     0     0       0.787193 0.883859 0.116141
      67   1   0   0   1   3   3     0     0       0.743276 0.645288 0.354712
      66   1   0   0   0   3   3     0     0       1.007266 0.859271 0.140729
      65   1   0   0   1   2   3     0     0       0.660729 0.658844 0.341156
      64   1   0   0   0   2   3     0     0       0.935050 0.867254 0.132746
      63   1   0   0   1   1   3     0     0       0.577013 0.673173 0.326827
      62   1   0   0   0   1   3     0     0       0.862095 0.875482 0.124518
      61   1   0   0   1   0   3     0     0       0.493482 0.688113 0.311887
      60   1   0   0   0   0   3     0     0       0.789621 0.883832 0.116168
      45   1   0   0   1   2   2     0     0       0.663202 0.658820 0.341180
      44   1   0   0   0   2   2     0     0       0.937505 0.867241 0.132759
      43   1   0   0   1   1   2     0     0       0.579386 0.673140 0.326860
      42   1   0   0   0   1   2     0     0       0.864442 0.875463 0.124537
      41   1   0   0   1   0   2     0     0       0.495719 0.688070 0.311930
      40   1   0   0   0   0   2     0     0       0.791827 0.883808 0.116192
      23   1   0   0   1   1   1     0     0       0.581534 0.673111 0.326889
      22   1   0   0   0   1   1     0     0       0.866569 0.875447 0.124553
      21   1   0   0   1   0   1     0     0       0.497750 0.688032 0.311968
      20   1   0   0   0   0   1     0     0       0.793830 0.883788 0.116212
       0   1   0   0   0   0   0     0     0       0.795648 0.883770 0.116230
     ------------------------------------------------------------------------------
