Output of WolpinJPE1984
---------------------------
-------------------- DP Model Summary ------------------------
1. CLOCK
    3. Normal Finite Horizon Aging
2. STATE VARIABLES
              |eps   |eta |theta -clock        |gamma
              psi    s21      M      t     t'      r      f
       s.N    201      1     20     30      1      1      1


     Transition Categories (not counting placeholders and variables with N=1)
                 NonRandom       Random   Coevolving    Augmented       Timing    Invariant
     #Vars               0            2            0            1            0            0

3. SIZE OF SPACES

                       Number of Points
    Exogenous(Epsilon)              201
    SemiExogenous(Eta)                1
     Endogenous(Theta)               20
                 Times               30
         EV()Iterating               20
      ChoiceProb.track              600
  Random Groups(Gamma)                1
   Fixed Groups(Gamma)                1
       Total Untrimmed           120600

4. ACTION VARIABLES
   Number of Distinct action vectors: 2
         birth
    a.N      2


5. TRIMMING AND SUBSAMPLING OF THE ENDOGENOUS STATE SPACE (Theta)
                             N
    TotalReachable         410
         Terminal            0
     Approximated            0
    tfirsts (t=0..T)         0
                             1
                             3
                             6
                            10
                            15
                            21
                            28
                            36
                            45
                            55
                            66
                            78
                            91
                           105
                           120
                           136
                           153
                           171
                           190
                           210
                           230
                           250
                           270
                           290
                           310
                           330
                           350
                           370
                           390
                           410

6. FEASIBLE ACTION SETS
 
    [b]         A[0]     A[1]   
    -------------------------------
    (0)           X        X        
    (1)           X        -        
   #States      210      200
    -------------------------------
    Key: X = row vector is feasible. - = infeasible

** 29 0 0 19 599 
       1.1837
** 29 0 0 18 598 
       1.1540
** 29 0 0 17 597 
       1.1242
** 29 0 0 16 596 
       1.0944
** 29 0 0 15 595 
       1.0647
** 29 0 0 14 594 
       1.0349
** 29 0 0 13 593 
       1.0052
** 29 0 0 12 592 
      0.97541
** 29 0 0 11 591 
      0.94565
** 29 0 0 10 590 
      0.91588
** 29 0 0 9 589 
      0.88612
** 29 0 0 8 588 
      0.85635
** 29 0 0 7 587 
      0.82658
** 29 0 0 6 586 
      0.79681
** 29 0 0 5 585 
      0.76704
** 29 0 0 4 584 
      0.73727
** 29 0 0 3 583 
      0.70750
** 29 0 0 2 582 
      0.67773
** 29 0 0 1 581 
      0.64795
** 29 0 0 0 580 
      0.61818
** 28 0 1 19 579 
       2.2674
** 28 0 1 18 578 
       2.2104
** 28 0 1 17 577 
       2.1534
** 28 0 1 16 576 
       2.0964
** 28 0 1 15 575 
       2.0394
** 28 0 1 14 574 
       1.9824
** 28 0 1 13 573 
       1.9254
** 28 0 1 12 572 
       1.8684
** 28 0 1 11 571 
       1.8114
** 28 0 1 10 570 
       1.7544
** 28 0 1 9 569 
       1.6974
** 28 0 1 8 568 
       1.6403
** 28 0 1 7 567 
       1.5833
** 28 0 1 6 566 
       1.5263
** 28 0 1 5 565 
       1.4693
** 28 0 1 4 564 
       1.4122
** 28 0 1 3 563 
       1.3552
** 28 0 1 2 562 
       1.2982
** 28 0 1 1 561 
       1.2412
** 28 0 1 0 560 
       1.1841
** 27 0 0 19 559 
       3.2595
** 27 0 0 18 558 
       3.1776
** 27 0 0 17 557 
       3.0957
** 27 0 0 16 556 
       3.0137
** 27 0 0 15 555 
       2.9318
** 27 0 0 14 554 
       2.8498
** 27 0 0 13 553 
       2.7679
** 27 0 0 12 552 
       2.6859
** 27 0 0 11 551 
       2.6040
** 27 0 0 10 550 
       2.5220
** 27 0 0 9 549 
       2.4400
** 27 0 0 8 548 
       2.3581
** 27 0 0 7 547 
       2.2761
** 27 0 0 6 546 
       2.1941
** 27 0 0 5 545 
       2.1122
** 27 0 0 4 544 
       2.0302
** 27 0 0 3 543 
       1.9482
** 27 0 0 2 542 
       1.8662
** 27 0 0 1 541 
       1.7842
** 27 0 0 0 540 
       1.7022
** 26 0 1 19 539 
       4.1678
** 26 0 1 18 538 
       4.0631
** 26 0 1 17 537 
       3.9583
** 26 0 1 16 536 
       3.8535
** 26 0 1 15 535 
       3.7487
** 26 0 1 14 534 
       3.6440
** 26 0 1 13 533 
       3.5392
** 26 0 1 12 532 
       3.4344
** 26 0 1 11 531 
       3.3296
** 26 0 1 10 530 
       3.2248
** 26 0 1 9 529 
       3.1200
** 26 0 1 8 528 
       3.0152
** 26 0 1 7 527 
       2.9104
** 26 0 1 6 526 
       2.8055
** 26 0 1 5 525 
       2.7007
** 26 0 1 4 524 
       2.5959
** 26 0 1 3 523 
       2.4911
** 26 0 1 2 522 
       2.3862
** 26 0 1 1 521 
       2.2814
** 26 0 1 0 520 
       2.1766
** 25 0 0 19 519 
       4.9994
** 25 0 0 18 518 
       4.8737
** 25 0 0 17 517 
       4.7480
** 25 0 0 16 516 
       4.6223
** 25 0 0 15 515 
       4.4967
** 25 0 0 14 514 
       4.3710
** 25 0 0 13 513 
       4.2453
** 25 0 0 12 512 
       4.1196
** 25 0 0 11 511 
       3.9939
** 25 0 0 10 510 
       3.8682
** 25 0 0 9 509 
       3.7425
** 25 0 0 8 508 
       3.6167
** 25 0 0 7 507 
       3.4910
** 25 0 0 6 506 
       3.3653
** 25 0 0 5 505 
       3.2396
** 25 0 0 4 504 
       3.1138
** 25 0 0 3 503 
       2.9881
** 25 0 0 2 502 
       2.8623
** 25 0 0 1 501 
       2.7366
** 25 0 0 0 500 
       2.6108
** 24 0 1 19 499 
       5.7606
** 24 0 1 18 498 
       5.6158
** 24 0 1 17 497 
       5.4710
** 24 0 1 16 496 
       5.3262
** 24 0 1 15 495 
       5.1814
** 24 0 1 14 494 
       5.0366
** 24 0 1 13 493 
       4.8917
** 24 0 1 12 492 
       4.7469
** 24 0 1 11 491 
       4.6020
** 24 0 1 10 490 
       4.4572
** 24 0 1 9 489 
       4.3123
** 24 0 1 8 488 
       4.1675
** 24 0 1 7 487 
       4.0226
** 24 0 1 6 486 
       3.8777
** 24 0 1 5 485 
       3.7329
** 24 0 1 4 484 
       3.5880
** 24 0 1 3 483 
       3.4431
** 24 0 1 2 482 
       3.2982
** 24 0 1 1 481 
       3.1533
** 24 0 1 0 480 
       3.0084
** 23 0 0 19 479 
       6.4576
** 23 0 0 18 478 
       6.2953
** 23 0 0 17 477 
       6.1329
** 23 0 0 16 476 
       5.9706
** 23 0 0 15 475 
       5.8082
** 23 0 0 14 474 
       5.6459
** 23 0 0 13 473 
       5.4835
** 23 0 0 12 472 
       5.3212
** 23 0 0 11 471 
       5.1588
** 23 0 0 10 470 
       4.9964
** 23 0 0 9 469 
       4.8341
** 23 0 0 8 468 
       4.6717
** 23 0 0 7 467 
       4.5093
** 23 0 0 6 466 
       4.3469
** 23 0 0 5 465 
       4.1845
** 23 0 0 4 464 
       4.0221
** 23 0 0 3 463 
       3.8596
** 23 0 0 2 462 
       3.6972
** 23 0 0 1 461 
       3.5348
** 23 0 0 0 460 
       3.3724
** 22 0 1 19 459 
       7.0956
** 22 0 1 18 458 
       6.9173
** 22 0 1 17 457 
       6.7389
** 22 0 1 16 456 
       6.5605
** 22 0 1 15 455 
       6.3821
** 22 0 1 14 454 
       6.2038
** 22 0 1 13 453 
       6.0254
** 22 0 1 12 452 
       5.8470
** 22 0 1 11 451 
       5.6685
** 22 0 1 10 450 
       5.4901
** 22 0 1 9 449 
       5.3117
** 22 0 1 8 448 
       5.1333
** 22 0 1 7 447 
       4.9548
** 22 0 1 6 446 
       4.7764
** 22 0 1 5 445 
       4.5979
** 22 0 1 4 444 
       4.4195
** 22 0 1 3 443 
       4.2410
** 22 0 1 2 442 
       4.0625
** 22 0 1 1 441 
       3.8841
** 22 0 1 0 440 
       3.7056
** 21 0 0 19 439 
       7.6798
** 21 0 0 18 438 
       7.4867
** 21 0 0 17 437 
       7.2937
** 21 0 0 16 436 
       7.1006
** 21 0 0 15 435 
       6.9075
** 21 0 0 14 434 
       6.7145
** 21 0 0 13 433 
       6.5214
** 21 0 0 12 432 
       6.3283
** 21 0 0 11 431 
       6.1352
** 21 0 0 10 430 
       5.9421
** 21 0 0 9 429 
       5.7490
** 21 0 0 8 428 
       5.5559
** 21 0 0 7 427 
       5.3627
** 21 0 0 6 426 
       5.1696
** 21 0 0 5 425 
       4.9765
** 21 0 0 4 424 
       4.7833
** 21 0 0 3 423 
       4.5901
** 21 0 0 2 422 
       4.3970
** 21 0 0 1 421 
       4.2038
** 21 0 0 0 420 
       4.0106
** 20 0 1 19 419 
       8.2145
** 20 0 1 18 418 
       8.0081
** 20 0 1 17 417 
       7.8016
** 20 0 1 16 416 
       7.5951
** 20 0 1 15 415 
       7.3885
** 20 0 1 14 414 
       7.1820
** 20 0 1 13 413 
       6.9755
** 20 0 1 12 412 
       6.7690
** 20 0 1 11 411 
       6.5624
** 20 0 1 10 410 
       6.3559
** 20 0 1 9 409 
       6.1493
** 20 0 1 8 408 
       5.9427
** 20 0 1 7 407 
       5.7362
** 20 0 1 6 406 
       5.5296
** 20 0 1 5 405 
       5.3230
** 20 0 1 4 404 
       5.1164
** 20 0 1 3 403 
       4.9098
** 20 0 1 2 402 
       4.7032
** 20 0 1 1 401 
       4.4965
** 20 0 1 0 400 
       4.2899
** 19 0 0 19 399 
       8.7041
** 19 0 0 18 398 
       8.4853
** 19 0 0 17 397 
       8.2665
** 19 0 0 16 396 
       8.0477
** 19 0 0 15 395 
       7.8289
** 19 0 0 14 394 
       7.6101
** 19 0 0 13 393 
       7.3912
** 19 0 0 12 392 
       7.1724
** 19 0 0 11 391 
       6.9535
** 19 0 0 10 390 
       6.7347
** 19 0 0 9 389 
       6.5158
** 19 0 0 8 388 
       6.2969
** 19 0 0 7 387 
       6.0780
** 19 0 0 6 386 
       5.8591
** 19 0 0 5 385 
       5.6402
** 19 0 0 4 384 
       5.4213
** 19 0 0 3 383 
       5.2024
** 19 0 0 2 382 
       4.9835
** 19 0 0 1 381 
       4.7645
** 19 0 0 0 380 
       4.5456
** 18 0 1 18 378 
       8.9223
** 18 0 1 17 377 
       8.6922
** 18 0 1 16 376 
       8.4621
** 18 0 1 15 375 
       8.2321
** 18 0 1 14 374 
       8.0020
** 18 0 1 13 373 
       7.7718
** 18 0 1 12 372 
       7.5417
** 18 0 1 11 371 
       7.3116
** 18 0 1 10 370 
       7.0815
** 18 0 1 9 369 
       6.8513
** 18 0 1 8 368 
       6.6212
** 18 0 1 7 367 
       6.3910
** 18 0 1 6 366 
       6.1609
** 18 0 1 5 365 
       5.9307
** 18 0 1 4 364 
       5.7005
** 18 0 1 3 363 
       5.4703
** 18 0 1 2 362 
       5.2401
** 18 0 1 1 361 
       5.0099
** 18 0 1 0 360 
       4.7797
** 17 0 0 17 357 
       9.0819
** 17 0 0 16 356 
       8.8415
** 17 0 0 15 355 
       8.6011
** 17 0 0 14 354 
       8.3607
** 17 0 0 13 353 
       8.1203
** 17 0 0 12 352 
       7.8799
** 17 0 0 11 351 
       7.6394
** 17 0 0 10 350 
       7.3990
** 17 0 0 9 349 
       7.1585
** 17 0 0 8 348 
       6.9180
** 17 0 0 7 347 
       6.6776
** 17 0 0 6 346 
       6.4371
** 17 0 0 5 345 
       6.1966
** 17 0 0 4 344 
       5.9561
** 17 0 0 3 343 
       5.7156
** 17 0 0 2 342 
       5.4750
** 17 0 0 1 341 
       5.2345
** 17 0 0 0 340 
       4.9940
** 16 0 1 16 336 
       9.1889
** 16 0 1 15 335 
       8.9390
** 16 0 1 14 334 
       8.6892
** 16 0 1 13 333 
       8.4393
** 16 0 1 12 332 
       8.1894
** 16 0 1 11 331 
       7.9395
** 16 0 1 10 330 
       7.6896
** 16 0 1 9 329 
       7.4397
** 16 0 1 8 328 
       7.1898
** 16 0 1 7 327 
       6.9399
** 16 0 1 6 326 
       6.6900
** 16 0 1 5 325 
       6.4400
** 16 0 1 4 324 
       6.1901
** 16 0 1 3 323 
       5.9401
** 16 0 1 2 322 
       5.6901
** 16 0 1 1 321 
       5.4401
** 16 0 1 0 320 
       5.1901
** 15 0 0 15 315 
       9.2484
** 15 0 0 14 314 
       8.9899
** 15 0 0 13 313 
       8.7314
** 15 0 0 12 312 
       8.4728
** 15 0 0 11 311 
       8.2143
** 15 0 0 10 310 
       7.9557
** 15 0 0 9 309 
       7.6972
** 15 0 0 8 308 
       7.4386
** 15 0 0 7 307 
       7.1801
** 15 0 0 6 306 
       6.9215
** 15 0 0 5 305 
       6.6629
** 15 0 0 4 304 
       6.4043
** 15 0 0 3 303 
       6.1457
** 15 0 0 2 302 
       5.8870
** 15 0 0 1 301 
       5.6284
** 15 0 0 0 300 
       5.3697
** 14 0 1 14 294 
       9.2652
** 14 0 1 13 293 
       8.9987
** 14 0 1 12 292 
       8.7323
** 14 0 1 11 291 
       8.4658
** 14 0 1 10 290 
       8.1994
** 14 0 1 9 289 
       7.9329
** 14 0 1 8 288 
       7.6664
** 14 0 1 7 287 
       7.3999
** 14 0 1 6 286 
       7.1334
** 14 0 1 5 285 
       6.8669
** 14 0 1 4 284 
       6.6004
** 14 0 1 3 283 
       6.3338
** 14 0 1 2 282 
       6.0673
** 14 0 1 1 281 
       5.8007
** 14 0 1 0 280 
       5.5342
** 13 0 0 13 273 
       9.2435
** 13 0 0 12 272 
       8.9698
** 13 0 0 11 271 
       8.6961
** 13 0 0 10 270 
       8.4224
** 13 0 0 9 269 
       8.1487
** 13 0 0 8 268 
       7.8750
** 13 0 0 7 267 
       7.6012
** 13 0 0 6 266 
       7.3275
** 13 0 0 5 265 
       7.0537
** 13 0 0 4 264 
       6.7799
** 13 0 0 3 263 
       6.5061
** 13 0 0 2 262 
       6.2323
** 13 0 0 1 261 
       5.9585
** 13 0 0 0 260 
       5.6847
** 12 0 1 12 252 
       9.1873
** 12 0 1 11 251 
       8.9069
** 12 0 1 10 250 
       8.6266
** 12 0 1 9 249 
       8.3462
** 12 0 1 8 248 
       8.0659
** 12 0 1 7 247 
       7.7855
** 12 0 1 6 246 
       7.5051
** 12 0 1 5 245 
       7.2247
** 12 0 1 4 244 
       6.9443
** 12 0 1 3 243 
       6.6639
** 12 0 1 2 242 
       6.3834
** 12 0 1 1 241 
       6.1030
** 12 0 1 0 240 
       5.8225
** 11 0 0 11 231 
       9.0999
** 11 0 0 10 230 
       8.8135
** 11 0 0 9 229 
       8.5271
** 11 0 0 8 228 
       8.2407
** 11 0 0 7 227 
       7.9542
** 11 0 0 6 226 
       7.6677
** 11 0 0 5 225 
       7.3813
** 11 0 0 4 224 
       7.0948
** 11 0 0 3 223 
       6.8083
** 11 0 0 2 222 
       6.5218
** 11 0 0 1 221 
       6.2352
** 11 0 0 0 220 
       5.9487
** 10 0 1 10 210 
       8.9847
** 10 0 1 9 209 
       8.6927
** 10 0 1 8 208 
       8.4007
** 10 0 1 7 207 
       8.1087
** 10 0 1 6 206 
       7.8166
** 10 0 1 5 205 
       7.5246
** 10 0 1 4 204 
       7.2325
** 10 0 1 3 203 
       6.9405
** 10 0 1 2 202 
       6.6484
** 10 0 1 1 201 
       6.3563
** 10 0 1 0 200 
       6.0642
** 9 0 0 9 189 
       8.8443
** 9 0 0 8 188 
       8.5472
** 9 0 0 7 187 
       8.2501
** 9 0 0 6 186 
       7.9529
** 9 0 0 5 185 
       7.6558
** 9 0 0 4 184 
       7.3587
** 9 0 0 3 183 
       7.0615
** 9 0 0 2 182 
       6.7643
** 9 0 0 1 181 
       6.4672
** 9 0 0 0 180 
       6.1700
** 8 0 1 8 168 
       8.6813
** 8 0 1 7 167 
       8.3795
** 8 0 1 6 166 
       8.0777
** 8 0 1 5 165 
       7.7759
** 8 0 1 4 164 
       7.4741
** 8 0 1 3 163 
       7.1723
** 8 0 1 2 162 
       6.8705
** 8 0 1 1 161 
       6.5686
** 8 0 1 0 160 
       6.2668
** 7 0 0 7 147 
       8.4980
** 7 0 0 6 146 
       8.1920
** 7 0 0 5 145 
       7.8859
** 7 0 0 4 144 
       7.5798
** 7 0 0 3 143 
       7.2737
** 7 0 0 2 142 
       6.9676
** 7 0 0 1 141 
       6.6615
** 7 0 0 0 140 
       6.3554
** 6 0 1 6 126 
       8.2966
** 6 0 1 5 125 
       7.9866
** 6 0 1 4 124 
       7.6766
** 6 0 1 3 123 
       7.3666
** 6 0 1 2 122 
       7.0566
** 6 0 1 1 121 
       6.7466
** 6 0 1 0 120 
       6.4366
** 5 0 0 5 105 
       8.0788
** 5 0 0 4 104 
       7.7652
** 5 0 0 3 103 
       7.4516
** 5 0 0 2 102 
       7.1381
** 5 0 0 1 101 
       6.8245
** 5 0 0 0 100 
       6.5108
** 4 0 1 4 84 
       7.8728
** 4 0 1 3 83 
       7.5562
** 4 0 1 2 82 
       7.2395
** 4 0 1 1 81 
       6.9228
** 4 0 1 0 80 
       6.6061
** 3 0 0 3 63 
       7.6809
** 3 0 0 2 62 
       7.3614
** 3 0 0 1 61 
       7.0419
** 3 0 0 0 60 
       6.7223
** 2 0 1 2 42 
       7.4956
** 2 0 1 1 41 
       7.1735
** 2 0 1 0 40 
       6.8513
** 1 0 0 1 21 
       7.2153
** 1 0 0 0 20 
       6.8906
** 0 0 1 0 0 
       6.9265
------------- 0 0

     Value of States and Choice Probabilities
     ------------------------------------------------------------------------------
    Indx   I   T   A   M   t     r     f       EV      |Choice Probabilities:         
     599   1   0   1  19  29     0     0       1.183718 1.000000 0.000000
     598   1   0   1  18  29     0     0       1.153963 1.000000 0.000000
     597   1   0   1  17  29     0     0       1.124207 1.000000 0.000000
     596   1   0   1  16  29     0     0       1.094450 1.000000 0.000000
     595   1   0   1  15  29     0     0       1.064691 1.000000 0.000000
     594   1   0   1  14  29     0     0       1.034932 1.000000 0.000000
     593   1   0   1  13  29     0     0       1.005171 1.000000 0.000000
     592   1   0   1  12  29     0     0       0.975409 1.000000 0.000000
     591   1   0   1  11  29     0     0       0.945646 1.000000 0.000000
     590   1   0   1  10  29     0     0       0.915882 1.000000 0.000000
     589   1   0   1   9  29     0     0       0.886116 1.000000 0.000000
     588   1   0   1   8  29     0     0       0.856350 1.000000 0.000000
     587   1   0   1   7  29     0     0       0.826582 1.000000 0.000000
     586   1   0   1   6  29     0     0       0.796813 1.000000 0.000000
     585   1   0   1   5  29     0     0       0.767043 1.000000 0.000000
     584   1   0   1   4  29     0     0       0.737272 1.000000 0.000000
     583   1   0   1   3  29     0     0       0.707500 1.000000 0.000000
     582   1   0   1   2  29     0     0       0.677727 1.000000 0.000000
     581   1   0   1   1  29     0     0       0.647952 1.000000 0.000000
     580   1   0   1   0  29     0     0       0.618176 1.000000 0.000000
     579   1   0   1  19  28     0     0       2.267413 1.000000 0.000000
     578   1   0   1  18  28     0     0       2.210417 1.000000 0.000000
     577   1   0   1  17  28     0     0       2.153419 1.000000 0.000000
     576   1   0   1  16  28     0     0       2.096419 1.000000 0.000000
     575   1   0   1  15  28     0     0       2.039416 1.000000 0.000000
     574   1   0   1  14  28     0     0       1.982412 1.000000 0.000000
     573   1   0   1  13  28     0     0       1.925405 1.000000 0.000000
     572   1   0   1  12  28     0     0       1.868396 1.000000 0.000000
     571   1   0   1  11  28     0     0       1.811385 1.000000 0.000000
     570   1   0   1  10  28     0     0       1.754372 1.000000 0.000000
     569   1   0   1   9  28     0     0       1.697356 1.000000 0.000000
     568   1   0   1   8  28     0     0       1.640338 1.000000 0.000000
     567   1   0   1   7  28     0     0       1.583318 1.000000 0.000000
     566   1   0   1   6  28     0     0       1.526296 1.000000 0.000000
     565   1   0   1   5  28     0     0       1.469272 1.000000 0.000000
     564   1   0   1   4  28     0     0       1.412245 1.000000 0.000000
     563   1   0   1   3  28     0     0       1.355216 1.000000 0.000000
     562   1   0   1   2  28     0     0       1.298185 1.000000 0.000000
     561   1   0   1   1  28     0     0       1.241152 1.000000 0.000000
     560   1   0   1   0  28     0     0       1.184117 1.000000 0.000000
     559   1   0   1  19  27     0     0       3.259535 1.000000 0.000000
     558   1   0   1  18  27     0     0       3.177600 1.000000 0.000000
     557   1   0   1  17  27     0     0       3.095662 1.000000 0.000000
     556   1   0   1  16  27     0     0       3.013721 1.000000 0.000000
     555   1   0   1  15  27     0     0       2.931777 1.000000 0.000000
     554   1   0   1  14  27     0     0       2.849830 1.000000 0.000000
     553   1   0   1  13  27     0     0       2.767879 1.000000 0.000000
     552   1   0   1  12  27     0     0       2.685926 1.000000 0.000000
     551   1   0   1  11  27     0     0       2.603969 1.000000 0.000000
     550   1   0   1  10  27     0     0       2.522009 1.000000 0.000000
     549   1   0   1   9  27     0     0       2.440046 1.000000 0.000000
     548   1   0   1   8  27     0     0       2.358080 1.000000 0.000000
     547   1   0   1   7  27     0     0       2.276110 1.000000 0.000000
     546   1   0   1   6  27     0     0       2.194137 1.000000 0.000000
     545   1   0   1   5  27     0     0       2.112162 1.000000 0.000000
     544   1   0   1   4  27     0     0       2.030183 1.000000 0.000000
     543   1   0   1   3  27     0     0       1.948200 1.000000 0.000000
     542   1   0   1   2  27     0     0       1.866215 1.000000 0.000000
     541   1   0   1   1  27     0     0       1.784227 1.000000 0.000000
     540   1   0   1   0  27     0     0       1.702235 1.000000 0.000000
     539   1   0   1  19  26     0     0       4.167822 1.000000 0.000000
     538   1   0   1  18  26     0     0       4.063056 1.000000 0.000000
     537   1   0   1  17  26     0     0       3.958286 1.000000 0.000000
     536   1   0   1  16  26     0     0       3.853512 1.000000 0.000000
     535   1   0   1  15  26     0     0       3.748733 1.000000 0.000000
     534   1   0   1  14  26     0     0       3.643951 1.000000 0.000000
     533   1   0   1  13  26     0     0       3.539165 1.000000 0.000000
     532   1   0   1  12  26     0     0       3.434374 1.000000 0.000000
     531   1   0   1  11  26     0     0       3.329580 1.000000 0.000000
     530   1   0   1  10  26     0     0       3.224781 1.000000 0.000000
     529   1   0   1   9  26     0     0       3.119978 1.000000 0.000000
     528   1   0   1   8  26     0     0       3.015172 1.000000 0.000000
     527   1   0   1   7  26     0     0       2.910361 1.000000 0.000000
     526   1   0   1   6  26     0     0       2.805546 1.000000 0.000000
     525   1   0   1   5  26     0     0       2.700727 1.000000 0.000000
     524   1   0   1   4  26     0     0       2.595904 1.000000 0.000000
     523   1   0   1   3  26     0     0       2.491077 1.000000 0.000000
     522   1   0   1   2  26     0     0       2.386246 1.000000 0.000000
     521   1   0   1   1  26     0     0       2.281411 1.000000 0.000000
     520   1   0   1   0  26     0     0       2.176572 1.000000 0.000000
     519   1   0   1  19  25     0     0       4.999360 1.000000 0.000000
     518   1   0   1  18  25     0     0       4.873691 1.000000 0.000000
     517   1   0   1  17  25     0     0       4.748018 1.000000 0.000000
     516   1   0   1  16  25     0     0       4.622340 1.000000 0.000000
     515   1   0   1  15  25     0     0       4.496657 1.000000 0.000000
     514   1   0   1  14  25     0     0       4.370969 1.000000 0.000000
     513   1   0   1  13  25     0     0       4.245276 1.000000 0.000000
     512   1   0   1  12  25     0     0       4.119579 1.000000 0.000000
     511   1   0   1  11  25     0     0       3.993876 1.000000 0.000000
     510   1   0   1  10  25     0     0       3.868169 1.000000 0.000000
     509   1   0   1   9  25     0     0       3.742457 1.000000 0.000000
     508   1   0   1   8  25     0     0       3.616740 1.000000 0.000000
     507   1   0   1   7  25     0     0       3.491018 1.000000 0.000000
     506   1   0   1   6  25     0     0       3.365291 1.000000 0.000000
     505   1   0   1   5  25     0     0       3.239559 1.000000 0.000000
     504   1   0   1   4  25     0     0       3.113823 1.000000 0.000000
     503   1   0   1   3  25     0     0       2.988081 1.000000 0.000000
     502   1   0   1   2  25     0     0       2.862335 1.000000 0.000000
     501   1   0   1   1  25     0     0       2.736584 1.000000 0.000000
     500   1   0   1   0  25     0     0       2.610828 1.000000 0.000000
     499   1   0   1  19  24     0     0       5.760632 1.000000 0.000000
     498   1   0   1  18  24     0     0       5.615828 1.000000 0.000000
     497   1   0   1  17  24     0     0       5.471018 1.000000 0.000000
     496   1   0   1  16  24     0     0       5.326202 1.000000 0.000000
     495   1   0   1  15  24     0     0       5.181381 1.000000 0.000000
     494   1   0   1  14  24     0     0       5.036554 1.000000 0.000000
     493   1   0   1  13  24     0     0       4.891721 1.000000 0.000000
     492   1   0   1  12  24     0     0       4.746883 1.000000 0.000000
     491   1   0   1  11  24     0     0       4.602040 1.000000 0.000000
     490   1   0   1  10  24     0     0       4.457190 1.000000 0.000000
     489   1   0   1   9  24     0     0       4.312336 1.000000 0.000000
     488   1   0   1   8  24     0     0       4.167475 1.000000 0.000000
     487   1   0   1   7  24     0     0       4.022609 1.000000 0.000000
     486   1   0   1   6  24     0     0       3.877737 1.000000 0.000000
     485   1   0   1   5  24     0     0       3.732860 1.000000 0.000000
     484   1   0   1   4  24     0     0       3.587977 1.000000 0.000000
     483   1   0   1   3  24     0     0       3.443089 1.000000 0.000000
     482   1   0   1   2  24     0     0       3.298194 1.000000 0.000000
     481   1   0   1   1  24     0     0       3.153295 1.000000 0.000000
     480   1   0   1   0  24     0     0       3.008389 1.000000 0.000000
     479   1   0   1  19  23     0     0       6.457577 1.000000 0.000000
     478   1   0   1  18  23     0     0       6.295254 1.000000 0.000000
     477   1   0   1  17  23     0     0       6.132924 1.000000 0.000000
     476   1   0   1  16  23     0     0       5.970588 1.000000 0.000000
     475   1   0   1  15  23     0     0       5.808245 1.000000 0.000000
     474   1   0   1  14  23     0     0       5.645897 1.000000 0.000000
     473   1   0   1  13  23     0     0       5.483542 1.000000 0.000000
     472   1   0   1  12  23     0     0       5.321181 1.000000 0.000000
     471   1   0   1  11  23     0     0       5.158813 1.000000 0.000000
     470   1   0   1  10  23     0     0       4.996440 1.000000 0.000000
     469   1   0   1   9  23     0     0       4.834060 1.000000 0.000000
     468   1   0   1   8  23     0     0       4.671673 1.000000 0.000000
     467   1   0   1   7  23     0     0       4.509281 1.000000 0.000000
     466   1   0   1   6  23     0     0       4.346882 1.000000 0.000000
     465   1   0   1   5  23     0     0       4.184477 1.000000 0.000000
     464   1   0   1   4  23     0     0       4.022065 1.000000 0.000000
     463   1   0   1   3  23     0     0       3.859648 1.000000 0.000000
     462   1   0   1   2  23     0     0       3.697224 1.000000 0.000000
     461   1   0   1   1  23     0     0       3.534793 1.000000 0.000000
     460   1   0   1   0  23     0     0       3.372357 1.000000 0.000000
     459   1   0   1  19  22     0     0       7.095630 1.000000 0.000000
     458   1   0   1  18  22     0     0       6.917268 1.000000 0.000000
     457   1   0   1  17  22     0     0       6.738899 1.000000 0.000000
     456   1   0   1  16  22     0     0       6.560523 1.000000 0.000000
     455   1   0   1  15  22     0     0       6.382140 1.000000 0.000000
     454   1   0   1  14  22     0     0       6.203750 1.000000 0.000000
     453   1   0   1  13  22     0     0       6.025354 1.000000 0.000000
     452   1   0   1  12  22     0     0       5.846950 1.000000 0.000000
     451   1   0   1  11  22     0     0       5.668540 1.000000 0.000000
     450   1   0   1  10  22     0     0       5.490122 1.000000 0.000000
     449   1   0   1   9  22     0     0       5.311698 1.000000 0.000000
     448   1   0   1   8  22     0     0       5.133267 1.000000 0.000000
     447   1   0   1   7  22     0     0       4.954829 1.000000 0.000000
     446   1   0   1   6  22     0     0       4.776384 1.000000 0.000000
     445   1   0   1   5  22     0     0       4.597932 1.000000 0.000000
     444   1   0   1   4  22     0     0       4.419473 1.000000 0.000000
     443   1   0   1   3  22     0     0       4.241007 1.000000 0.000000
     442   1   0   1   2  22     0     0       4.062535 1.000000 0.000000
     441   1   0   1   1  22     0     0       3.884055 1.000000 0.000000
     440   1   0   1   0  22     0     0       3.705569 1.000000 0.000000
     439   1   0   1  19  21     0     0       7.679768 1.000000 0.000000
     438   1   0   1  18  21     0     0       7.486722 1.000000 0.000000
     437   1   0   1  17  21     0     0       7.293669 1.000000 0.000000
     436   1   0   1  16  21     0     0       7.100609 1.000000 0.000000
     435   1   0   1  15  21     0     0       6.907541 1.000000 0.000000
     434   1   0   1  14  21     0     0       6.714465 1.000000 0.000000
     433   1   0   1  13  21     0     0       6.521382 1.000000 0.000000
     432   1   0   1  12  21     0     0       6.328292 1.000000 0.000000
     431   1   0   1  11  21     0     0       6.135194 1.000000 0.000000
     430   1   0   1  10  21     0     0       5.942089 1.000000 0.000000
     429   1   0   1   9  21     0     0       5.748976 1.000000 0.000000
     428   1   0   1   8  21     0     0       5.555856 1.000000 0.000000
     427   1   0   1   7  21     0     0       5.362728 1.000000 0.000000
     426   1   0   1   6  21     0     0       5.169593 1.000000 0.000000
     425   1   0   1   5  21     0     0       4.976450 1.000000 0.000000
     424   1   0   1   4  21     0     0       4.783300 1.000000 0.000000
     423   1   0   1   3  21     0     0       4.590142 1.000000 0.000000
     422   1   0   1   2  21     0     0       4.396977 1.000000 0.000000
     421   1   0   1   1  21     0     0       4.203804 1.000000 0.000000
     420   1   0   1   0  21     0     0       4.010624 1.000000 0.000000
     419   1   0   1  19  20     0     0       8.214546 1.000000 0.000000
     418   1   0   1  18  20     0     0       8.008058 1.000000 0.000000
     417   1   0   1  17  20     0     0       7.801561 1.000000 0.000000
     416   1   0   1  16  20     0     0       7.595057 1.000000 0.000000
     415   1   0   1  15  20     0     0       7.388545 1.000000 0.000000
     414   1   0   1  14  20     0     0       7.182025 1.000000 0.000000
     413   1   0   1  13  20     0     0       6.975497 1.000000 0.000000
     412   1   0   1  12  20     0     0       6.768960 1.000000 0.000000
     411   1   0   1  11  20     0     0       6.562416 1.000000 0.000000
     410   1   0   1  10  20     0     0       6.355864 1.000000 0.000000
     409   1   0   1   9  20     0     0       6.149304 1.000000 0.000000
     408   1   0   1   8  20     0     0       5.942736 1.000000 0.000000
     407   1   0   1   7  20     0     0       5.736160 1.000000 0.000000
     406   1   0   1   6  20     0     0       5.529576 1.000000 0.000000
     405   1   0   1   5  20     0     0       5.322983 1.000000 0.000000
     404   1   0   1   4  20     0     0       5.116383 1.000000 0.000000
     403   1   0   1   3  20     0     0       4.909775 1.000000 0.000000
     402   1   0   1   2  20     0     0       4.703159 1.000000 0.000000
     401   1   0   1   1  20     0     0       4.496535 1.000000 0.000000
     400   1   0   1   0  20     0     0       4.289903 1.000000 0.000000
     399   1   0   0  19  19     0     0       8.704135 0.891498 0.108502
     398   1   0   0  18  19     0     0       8.485340 0.862663 0.137337
     397   1   0   0  17  19     0     0       8.266537 0.862477 0.137523
     396   1   0   0  16  19     0     0       8.047725 0.862290 0.137710
     395   1   0   0  15  19     0     0       7.828904 0.862104 0.137896
     394   1   0   0  14  19     0     0       7.610075 0.861917 0.138083
     393   1   0   0  13  19     0     0       7.391238 0.861730 0.138270
     392   1   0   0  12  19     0     0       7.172392 0.861543 0.138457
     391   1   0   0  11  19     0     0       6.953538 0.861355 0.138645
     390   1   0   0  10  19     0     0       6.734675 0.861168 0.138832
     389   1   0   0   9  19     0     0       6.515804 0.860980 0.139020
     388   1   0   0   8  19     0     0       6.296925 0.860792 0.139208
     387   1   0   0   7  19     0     0       6.078036 0.860604 0.139396
     386   1   0   0   6  19     0     0       5.859140 0.860415 0.139585
     385   1   0   0   5  19     0     0       5.640235 0.860227 0.139773
     384   1   0   0   4  19     0     0       5.421321 0.860038 0.139962
     383   1   0   0   3  19     0     0       5.202399 0.859849 0.140151
     382   1   0   0   2  19     0     0       4.983469 0.859659 0.140341
     381   1   0   0   1  19     0     0       4.764530 0.859470 0.140530
     380   1   0   0   0  19     0     0       4.545582 0.859280 0.140720
     378   1   0   0  18  18     0     0       8.922292 0.837513 0.162487
     377   1   0   0  17  18     0     0       8.692221 0.837318 0.162682
     376   1   0   0  16  18     0     0       8.462142 0.837122 0.162878
     375   1   0   0  15  18     0     0       8.232053 0.836926 0.163074
     374   1   0   0  14  18     0     0       8.001956 0.836730 0.163270
     373   1   0   0  13  18     0     0       7.771850 0.836534 0.163466
     372   1   0   0  12  18     0     0       7.541734 0.836338 0.163662
     371   1   0   0  11  18     0     0       7.311610 0.836141 0.163859
     370   1   0   0  10  18     0     0       7.081477 0.835944 0.164056
     369   1   0   0   9  18     0     0       6.851335 0.835747 0.164253
     368   1   0   0   8  18     0     0       6.621184 0.835550 0.164450
     367   1   0   0   7  18     0     0       6.391025 0.835353 0.164647
     366   1   0   0   6  18     0     0       6.160856 0.835155 0.164845
     365   1   0   0   5  18     0     0       5.930678 0.834957 0.165043
     364   1   0   0   4  18     0     0       5.700492 0.834759 0.165241
     363   1   0   0   3  18     0     0       5.470296 0.834561 0.165439
     362   1   0   0   2  18     0     0       5.240092 0.834363 0.165637
     361   1   0   0   1  18     0     0       5.009879 0.834164 0.165836
     360   1   0   0   0  18     0     0       4.779657 0.833965 0.166035
     357   1   0   0  17  17     0     0       9.081936 0.810243 0.189757
     356   1   0   0  16  17     0     0       8.841541 0.810041 0.189959
     355   1   0   0  15  17     0     0       8.601136 0.809840 0.190160
     354   1   0   0  14  17     0     0       8.360722 0.809638 0.190362
     353   1   0   0  13  17     0     0       8.120299 0.809437 0.190563
     352   1   0   0  12  17     0     0       7.879867 0.809235 0.190765
     351   1   0   0  11  17     0     0       7.639425 0.809033 0.190967
     350   1   0   0  10  17     0     0       7.398974 0.808830 0.191170
     349   1   0   0   9  17     0     0       7.158514 0.808628 0.191372
     348   1   0   0   8  17     0     0       6.918044 0.808425 0.191575
     347   1   0   0   7  17     0     0       6.677565 0.808222 0.191778
     346   1   0   0   6  17     0     0       6.437077 0.808020 0.191980
     345   1   0   0   5  17     0     0       6.196579 0.807816 0.192184
     344   1   0   0   4  17     0     0       5.956073 0.807613 0.192387
     343   1   0   0   3  17     0     0       5.715556 0.807410 0.192590
     342   1   0   0   2  17     0     0       5.475031 0.807206 0.192794
     341   1   0   0   1  17     0     0       5.234496 0.807002 0.192998
     340   1   0   0   0  17     0     0       4.993952 0.806798 0.193202
     336   1   0   0  16  16     0     0       9.188880 0.781471 0.218529
     335   1   0   0  15  16     0     0       8.939032 0.781268 0.218732
     334   1   0   0  14  16     0     0       8.689173 0.781064 0.218936
     333   1   0   0  13  16     0     0       8.439305 0.780861 0.219139
     332   1   0   0  12  16     0     0       8.189427 0.780658 0.219342
     331   1   0   0  11  16     0     0       7.939540 0.780454 0.219546
     330   1   0   0  10  16     0     0       7.689643 0.780250 0.219750
     329   1   0   0   9  16     0     0       7.439736 0.780047 0.219953
     328   1   0   0   8  16     0     0       7.189819 0.779843 0.220157
     327   1   0   0   7  16     0     0       6.939893 0.779638 0.220362
     326   1   0   0   6  16     0     0       6.689957 0.779434 0.220566
     325   1   0   0   5  16     0     0       6.440012 0.779230 0.220770
     324   1   0   0   4  16     0     0       6.190057 0.779025 0.220975
     323   1   0   0   3  16     0     0       5.940092 0.778821 0.221179
     322   1   0   0   2  16     0     0       5.690117 0.778616 0.221384
     321   1   0   0   1  16     0     0       5.440133 0.778411 0.221589
     320   1   0   0   0  16     0     0       5.190139 0.778206 0.221794
     315   1   0   0  15  15     0     0       9.248375 0.751705 0.248295
     314   1   0   0  14  15     0     0       8.989870 0.751504 0.248496
     313   1   0   0  13  15     0     0       8.731355 0.751303 0.248697
     312   1   0   0  12  15     0     0       8.472830 0.751102 0.248898
     311   1   0   0  11  15     0     0       8.214295 0.750901 0.249099
     310   1   0   0  10  15     0     0       7.955750 0.750700 0.249300
     309   1   0   0   9  15     0     0       7.697195 0.750499 0.249501
     308   1   0   0   8  15     0     0       7.438630 0.750297 0.249703
     307   1   0   0   7  15     0     0       7.180054 0.750096 0.249904
     306   1   0   0   6  15     0     0       6.921469 0.749894 0.250106
     305   1   0   0   5  15     0     0       6.662874 0.749692 0.250308
     304   1   0   0   4  15     0     0       6.404269 0.749490 0.250510
     303   1   0   0   3  15     0     0       6.145654 0.749289 0.250711
     302   1   0   0   2  15     0     0       5.887029 0.749087 0.250913
     301   1   0   0   1  15     0     0       5.628394 0.748884 0.251116
     300   1   0   0   0  15     0     0       5.369749 0.748682 0.251318
     294   1   0   0  14  14     0     0       9.265158 0.721492 0.278508
     293   1   0   0  13  14     0     0       8.998726 0.721297 0.278703
     292   1   0   0  12  14     0     0       8.732285 0.721102 0.278898
     291   1   0   0  11  14     0     0       8.465833 0.720907 0.279093
     290   1   0   0  10  14     0     0       8.199371 0.720712 0.279288
     289   1   0   0   9  14     0     0       7.932898 0.720517 0.279483
     288   1   0   0   8  14     0     0       7.666415 0.720322 0.279678
     287   1   0   0   7  14     0     0       7.399922 0.720127 0.279873
     286   1   0   0   6  14     0     0       7.133419 0.719931 0.280069
     285   1   0   0   5  14     0     0       6.866905 0.719736 0.280264
     284   1   0   0   4  14     0     0       6.600381 0.719541 0.280459
     283   1   0   0   3  14     0     0       6.333846 0.719345 0.280655
     282   1   0   0   2  14     0     0       6.067302 0.719149 0.280851
     281   1   0   0   1  14     0     0       5.800746 0.718954 0.281046
     280   1   0   0   0  14     0     0       5.534181 0.718758 0.281242
     273   1   0   0  13  13     0     0       9.243505 0.691383 0.308617
     272   1   0   0  12  13     0     0       8.969816 0.691198 0.308802
     271   1   0   0  11  13     0     0       8.696116 0.691012 0.308988
     270   1   0   0  10  13     0     0       8.422406 0.690827 0.309173
     269   1   0   0   9  13     0     0       8.148685 0.690641 0.309359
     268   1   0   0   8  13     0     0       7.874953 0.690455 0.309545
     267   1   0   0   7  13     0     0       7.601211 0.690269 0.309731
     266   1   0   0   6  13     0     0       7.327458 0.690083 0.309917
     265   1   0   0   5  13     0     0       7.053695 0.689897 0.310103
     264   1   0   0   4  13     0     0       6.779921 0.689711 0.310289
     263   1   0   0   3  13     0     0       6.506136 0.689525 0.310475
     262   1   0   0   2  13     0     0       6.232341 0.689339 0.310661
     261   1   0   0   1  13     0     0       5.958535 0.689153 0.310847
     260   1   0   0   0  13     0     0       5.684719 0.688966 0.311034
     252   1   0   0  12  12     0     0       9.187276 0.661904 0.338096
     251   1   0   0  11  12     0     0       8.906940 0.661730 0.338270
     250   1   0   0  10  12     0     0       8.626594 0.661556 0.338444
     249   1   0   0   9  12     0     0       8.346237 0.661382 0.338618
     248   1   0   0   8  12     0     0       8.065869 0.661208 0.338792
     247   1   0   0   7  12     0     0       7.785491 0.661034 0.338966
     246   1   0   0   6  12     0     0       7.505101 0.660860 0.339140
     245   1   0   0   5  12     0     0       7.224701 0.660685 0.339315
     244   1   0   0   4  12     0     0       6.944290 0.660511 0.339489
     243   1   0   0   3  12     0     0       6.663868 0.660337 0.339663
     242   1   0   0   2  12     0     0       6.383435 0.660162 0.339838
     241   1   0   0   1  12     0     0       6.102991 0.659988 0.340012
     240   1   0   0   0  12     0     0       5.822536 0.659814 0.340186
     231   1   0   0  11  11     0     0       9.099950 0.633524 0.366476
     230   1   0   0  10  11     0     0       8.813529 0.633363 0.366637
     229   1   0   0   9  11     0     0       8.527097 0.633203 0.366797
     228   1   0   0   8  11     0     0       8.240653 0.633042 0.366958
     227   1   0   0   7  11     0     0       7.954199 0.632881 0.367119
     226   1   0   0   6  11     0     0       7.667734 0.632720 0.367280
     225   1   0   0   5  11     0     0       7.381257 0.632560 0.367440
     224   1   0   0   4  11     0     0       7.094770 0.632399 0.367601
     223   1   0   0   3  11     0     0       6.808271 0.632238 0.367762
     222   1   0   0   2  11     0     0       6.521761 0.632077 0.367923
     221   1   0   0   1  11     0     0       6.235240 0.631916 0.368084
     220   1   0   0   0  11     0     0       5.948708 0.631755 0.368245
     210   1   0   0  10  10     0     0       8.984667 0.606645 0.393355
     209   1   0   0   9  10     0     0       8.692673 0.606498 0.393502
     208   1   0   0   8  10     0     0       8.400668 0.606352 0.393648
     207   1   0   0   7  10     0     0       8.108651 0.606205 0.393795
     206   1   0   0   6  10     0     0       7.816624 0.606059 0.393941
     205   1   0   0   5  10     0     0       7.524584 0.605913 0.394087
     204   1   0   0   4  10     0     0       7.232534 0.605766 0.394234
     203   1   0   0   3  10     0     0       6.940472 0.605620 0.394380
     202   1   0   0   2  10     0     0       6.648399 0.605473 0.394527
     201   1   0   0   1  10     0     0       6.356314 0.605327 0.394673
     200   1   0   0   0  10     0     0       6.064219 0.605180 0.394820
     189   1   0   0   9   9     0     0       8.844259 0.581590 0.418410
     188   1   0   0   8   9     0     0       8.547162 0.581458 0.418542
     187   1   0   0   7   9     0     0       8.250053 0.581326 0.418674
     186   1   0   0   6   9     0     0       7.952932 0.581194 0.418806
     185   1   0   0   5   9     0     0       7.655800 0.581062 0.418938
     184   1   0   0   4   9     0     0       7.358657 0.580930 0.419070
     183   1   0   0   3   9     0     0       7.061502 0.580799 0.419201
     182   1   0   0   2   9     0     0       6.764336 0.580667 0.419333
     181   1   0   0   1   9     0     0       6.467158 0.580535 0.419465
     180   1   0   0   0   9     0     0       6.169968 0.580403 0.419597
     168   1   0   0   8   8     0     0       8.681276 0.558607 0.441393
     167   1   0   0   7   8     0     0       8.379505 0.558489 0.441511
     166   1   0   0   6   8     0     0       8.077723 0.558371 0.441629
     165   1   0   0   5   8     0     0       7.775929 0.558254 0.441746
     164   1   0   0   4   8     0     0       7.474123 0.558136 0.441864
     163   1   0   0   3   8     0     0       7.172305 0.558018 0.441982
     162   1   0   0   2   8     0     0       6.870476 0.557900 0.442100
     161   1   0   0   1   8     0     0       6.568635 0.557783 0.442217
     160   1   0   0   0   8     0     0       6.266782 0.557665 0.442335
     147   1   0   0   7   7     0     0       8.498019 0.537871 0.462129
     146   1   0   0   6   7     0     0       8.191969 0.537767 0.462233
     145   1   0   0   5   7     0     0       7.885906 0.537662 0.462338
     144   1   0   0   4   7     0     0       7.579832 0.537558 0.462442
     143   1   0   0   3   7     0     0       7.273745 0.537454 0.462546
     142   1   0   0   2   7     0     0       6.967647 0.537349 0.462651
     141   1   0   0   1   7     0     0       6.661537 0.537245 0.462755
     140   1   0   0   0   7     0     0       6.355415 0.537140 0.462860
     126   1   0   0   6   6     0     0       8.296561 0.519498 0.480502
     125   1   0   0   5   6     0     0       7.986590 0.519406 0.480594
     124   1   0   0   4   6     0     0       7.676608 0.519314 0.480686
     123   1   0   0   3   6     0     0       7.366614 0.519222 0.480778
     122   1   0   0   2   6     0     0       7.056608 0.519129 0.480871
     121   1   0   0   1   6     0     0       6.746589 0.519037 0.480963
     120   1   0   0   0   6     0     0       6.436559 0.518945 0.481055
     105   1   0   0   5   5     0     0       8.078767 0.503554 0.496446
     104   1   0   0   4   5     0     0       7.765207 0.503473 0.496527
     103   1   0   0   3   5     0     0       7.451635 0.503391 0.496609
     102   1   0   0   2   5     0     0       7.138051 0.503310 0.496690
     101   1   0   0   1   5     0     0       6.824454 0.503228 0.496772
     100   1   0   0   0   5     0     0       6.510846 0.503147 0.496853
      84   1   0   0   4   4     0     0       7.872806 0.490069 0.509931
      83   1   0   0   3   4     0     0       7.556152 0.489996 0.510004
      82   1   0   0   2   4     0     0       7.239485 0.489924 0.510076
      81   1   0   0   1   4     0     0       6.922806 0.489852 0.510148
      80   1   0   0   0   4     0     0       6.606115 0.489779 0.510221
      63   1   0   0   3   3     0     0       7.680903 0.479108 0.520892
      62   1   0   0   2   3     0     0       7.361394 0.479043 0.520957
      61   1   0   0   1   3     0     0       7.041873 0.478978 0.521022
      60   1   0   0   0   3     0     0       6.722340 0.478913 0.521087
      42   1   0   0   2   2     0     0       7.495614 0.470585 0.529415
      41   1   0   0   1   2     0     0       7.173477 0.470525 0.529475
      40   1   0   0   0   2     0     0       6.851327 0.470466 0.529534
      21   1   0   0   1   1     0     0       7.215270 0.625524 0.374476
      20   1   0   0   0   1     0     0       6.890566 0.625357 0.374643
       0   1   0   0   0   0     0     0       6.926489 0.837437 0.162563
     ------------------------------------------------------------------------------

            f            t        birth            M
      0.00000      0.00000      0.16256      0.00000
      0.00000       1.0000      0.37462      0.15307
      0.00000       2.0000      0.52950      0.50580
      0.00000       3.0000      0.52102       1.0044
      0.00000       4.0000      0.51011       1.4950
      0.00000       5.0000      0.49669       1.9753
      0.00000       6.0000      0.48083       2.4430
      0.00000       7.0000      0.46256       2.8957
      0.00000       8.0000      0.44194       3.3312
      0.00000       9.0000      0.41910       3.7474
      0.00000       10.000      0.39421       4.1420
      0.00000       11.000      0.36752       4.5132
      0.00000       12.000      0.33934       4.8592
      0.00000       13.000      0.31007       5.1787
      0.00000       14.000      0.28017       5.4707
      0.00000       15.000      0.25016       5.7345
      0.00000       16.000      0.22057       5.9700
      0.00000       17.000      0.19194       6.1777
      0.00000       18.000      0.16477       6.3585
      0.00000       19.000      0.13949       6.5136
** 29 0 0 19 599 
       1.1837
** 29 0 0 18 598 
       1.1540
** 29 0 0 17 597 
       1.1242
** 29 0 0 16 596 
       1.0944
** 29 0 0 15 595 
       1.0647
** 29 0 0 14 594 
       1.0349
** 29 0 0 13 593 
       1.0052
** 29 0 0 12 592 
      0.97541
** 29 0 0 11 591 
      0.94565
** 29 0 0 10 590 
      0.91588
** 29 0 0 9 589 
      0.88612
** 29 0 0 8 588 
      0.85635
** 29 0 0 7 587 
      0.82658
** 29 0 0 6 586 
      0.79681
** 29 0 0 5 585 
      0.76704
** 29 0 0 4 584 
      0.73727
** 29 0 0 3 583 
      0.70750
** 29 0 0 2 582 
      0.67773
** 29 0 0 1 581 
      0.64795
** 29 0 0 0 580 
      0.61818
** 28 0 1 19 579 
       2.2674
** 28 0 1 18 578 
       2.2104
** 28 0 1 17 577 
       2.1534
** 28 0 1 16 576 
       2.0964
** 28 0 1 15 575 
       2.0394
** 28 0 1 14 574 
       1.9824
** 28 0 1 13 573 
       1.9254
** 28 0 1 12 572 
       1.8684
** 28 0 1 11 571 
       1.8114
** 28 0 1 10 570 
       1.7544
** 28 0 1 9 569 
       1.6974
** 28 0 1 8 568 
       1.6403
** 28 0 1 7 567 
       1.5833
** 28 0 1 6 566 
       1.5263
** 28 0 1 5 565 
       1.4693
** 28 0 1 4 564 
       1.4122
** 28 0 1 3 563 
       1.3552
** 28 0 1 2 562 
       1.2982
** 28 0 1 1 561 
       1.2412
** 28 0 1 0 560 
       1.1841
** 27 0 0 19 559 
       3.2595
** 27 0 0 18 558 
       3.1776
** 27 0 0 17 557 
       3.0957
** 27 0 0 16 556 
       3.0137
** 27 0 0 15 555 
       2.9318
** 27 0 0 14 554 
       2.8498
** 27 0 0 13 553 
       2.7679
** 27 0 0 12 552 
       2.6859
** 27 0 0 11 551 
       2.6040
** 27 0 0 10 550 
       2.5220
** 27 0 0 9 549 
       2.4400
** 27 0 0 8 548 
       2.3581
** 27 0 0 7 547 
       2.2761
** 27 0 0 6 546 
       2.1941
** 27 0 0 5 545 
       2.1122
** 27 0 0 4 544 
       2.0302
** 27 0 0 3 543 
       1.9482
** 27 0 0 2 542 
       1.8662
** 27 0 0 1 541 
       1.7842
** 27 0 0 0 540 
       1.7022
** 26 0 1 19 539 
       4.1678
** 26 0 1 18 538 
       4.0631
** 26 0 1 17 537 
       3.9583
** 26 0 1 16 536 
       3.8535
** 26 0 1 15 535 
       3.7487
** 26 0 1 14 534 
       3.6440
** 26 0 1 13 533 
       3.5392
** 26 0 1 12 532 
       3.4344
** 26 0 1 11 531 
       3.3296
** 26 0 1 10 530 
       3.2248
** 26 0 1 9 529 
       3.1200
** 26 0 1 8 528 
       3.0152
** 26 0 1 7 527 
       2.9104
** 26 0 1 6 526 
       2.8055
** 26 0 1 5 525 
       2.7007
** 26 0 1 4 524 
       2.5959
** 26 0 1 3 523 
       2.4911
** 26 0 1 2 522 
       2.3862
** 26 0 1 1 521 
       2.2814
** 26 0 1 0 520 
       2.1766
** 25 0 0 19 519 
       4.9994
** 25 0 0 18 518 
       4.8737
** 25 0 0 17 517 
       4.7480
** 25 0 0 16 516 
       4.6223
** 25 0 0 15 515 
       4.4967
** 25 0 0 14 514 
       4.3710
** 25 0 0 13 513 
       4.2453
** 25 0 0 12 512 
       4.1196
** 25 0 0 11 511 
       3.9939
** 25 0 0 10 510 
       3.8682
** 25 0 0 9 509 
       3.7425
** 25 0 0 8 508 
       3.6167
** 25 0 0 7 507 
       3.4910
** 25 0 0 6 506 
       3.3653
** 25 0 0 5 505 
       3.2396
** 25 0 0 4 504 
       3.1138
** 25 0 0 3 503 
       2.9881
** 25 0 0 2 502 
       2.8623
** 25 0 0 1 501 
       2.7366
** 25 0 0 0 500 
       2.6108
** 24 0 1 19 499 
       5.7606
** 24 0 1 18 498 
       5.6158
** 24 0 1 17 497 
       5.4710
** 24 0 1 16 496 
       5.3262
** 24 0 1 15 495 
       5.1814
** 24 0 1 14 494 
       5.0366
** 24 0 1 13 493 
       4.8917
** 24 0 1 12 492 
       4.7469
** 24 0 1 11 491 
       4.6020
** 24 0 1 10 490 
       4.4572
** 24 0 1 9 489 
       4.3123
** 24 0 1 8 488 
       4.1675
** 24 0 1 7 487 
       4.0226
** 24 0 1 6 486 
       3.8777
** 24 0 1 5 485 
       3.7329
** 24 0 1 4 484 
       3.5880
** 24 0 1 3 483 
       3.4431
** 24 0 1 2 482 
       3.2982
** 24 0 1 1 481 
       3.1533
** 24 0 1 0 480 
       3.0084
** 23 0 0 19 479 
       6.4576
** 23 0 0 18 478 
       6.2953
** 23 0 0 17 477 
       6.1329
** 23 0 0 16 476 
       5.9706
** 23 0 0 15 475 
       5.8082
** 23 0 0 14 474 
       5.6459
** 23 0 0 13 473 
       5.4835
** 23 0 0 12 472 
       5.3212
** 23 0 0 11 471 
       5.1588
** 23 0 0 10 470 
       4.9964
** 23 0 0 9 469 
       4.8341
** 23 0 0 8 468 
       4.6717
** 23 0 0 7 467 
       4.5093
** 23 0 0 6 466 
       4.3469
** 23 0 0 5 465 
       4.1845
** 23 0 0 4 464 
       4.0221
** 23 0 0 3 463 
       3.8596
** 23 0 0 2 462 
       3.6972
** 23 0 0 1 461 
       3.5348
** 23 0 0 0 460 
       3.3724
** 22 0 1 19 459 
       7.0956
** 22 0 1 18 458 
       6.9173
** 22 0 1 17 457 
       6.7389
** 22 0 1 16 456 
       6.5605
** 22 0 1 15 455 
       6.3821
** 22 0 1 14 454 
       6.2038
** 22 0 1 13 453 
       6.0254
** 22 0 1 12 452 
       5.8470
** 22 0 1 11 451 
       5.6685
** 22 0 1 10 450 
       5.4901
** 22 0 1 9 449 
       5.3117
** 22 0 1 8 448 
       5.1333
** 22 0 1 7 447 
       4.9548
** 22 0 1 6 446 
       4.7764
** 22 0 1 5 445 
       4.5979
** 22 0 1 4 444 
       4.4195
** 22 0 1 3 443 
       4.2410
** 22 0 1 2 442 
       4.0625
** 22 0 1 1 441 
       3.8841
** 22 0 1 0 440 
       3.7056
** 21 0 0 19 439 
       7.6798
** 21 0 0 18 438 
       7.4867
** 21 0 0 17 437 
       7.2937
** 21 0 0 16 436 
       7.1006
** 21 0 0 15 435 
       6.9075
** 21 0 0 14 434 
       6.7145
** 21 0 0 13 433 
       6.5214
** 21 0 0 12 432 
       6.3283
** 21 0 0 11 431 
       6.1352
** 21 0 0 10 430 
       5.9421
** 21 0 0 9 429 
       5.7490
** 21 0 0 8 428 
       5.5559
** 21 0 0 7 427 
       5.3627
** 21 0 0 6 426 
       5.1696
** 21 0 0 5 425 
       4.9765
** 21 0 0 4 424 
       4.7833
** 21 0 0 3 423 
       4.5901
** 21 0 0 2 422 
       4.3970
** 21 0 0 1 421 
       4.2038
** 21 0 0 0 420 
       4.0106
** 20 0 1 19 419 
       8.2145
** 20 0 1 18 418 
       8.0081
** 20 0 1 17 417 
       7.8016
** 20 0 1 16 416 
       7.5951
** 20 0 1 15 415 
       7.3885
** 20 0 1 14 414 
       7.1820
** 20 0 1 13 413 
       6.9755
** 20 0 1 12 412 
       6.7690
** 20 0 1 11 411 
       6.5624
** 20 0 1 10 410 
       6.3559
** 20 0 1 9 409 
       6.1493
** 20 0 1 8 408 
       5.9427
** 20 0 1 7 407 
       5.7362
** 20 0 1 6 406 
       5.5296
** 20 0 1 5 405 
       5.3230
** 20 0 1 4 404 
       5.1164
** 20 0 1 3 403 
       4.9098
** 20 0 1 2 402 
       4.7032
** 20 0 1 1 401 
       4.4965
** 20 0 1 0 400 
       4.2899
** 19 0 0 19 399 
       8.7041
** 19 0 0 18 398 
       8.4853
** 19 0 0 17 397 
       8.2665
** 19 0 0 16 396 
       8.0477
** 19 0 0 15 395 
       7.8289
** 19 0 0 14 394 
       7.6101
** 19 0 0 13 393 
       7.3912
** 19 0 0 12 392 
       7.1724
** 19 0 0 11 391 
       6.9535
** 19 0 0 10 390 
       6.7347
** 19 0 0 9 389 
       6.5158
** 19 0 0 8 388 
       6.2969
** 19 0 0 7 387 
       6.0780
** 19 0 0 6 386 
       5.8591
** 19 0 0 5 385 
       5.6402
** 19 0 0 4 384 
       5.4213
** 19 0 0 3 383 
       5.2024
** 19 0 0 2 382 
       4.9835
** 19 0 0 1 381 
       4.7645
** 19 0 0 0 380 
       4.5456
** 18 0 1 18 378 
       8.9223
** 18 0 1 17 377 
       8.6922
** 18 0 1 16 376 
       8.4621
** 18 0 1 15 375 
       8.2321
** 18 0 1 14 374 
       8.0020
** 18 0 1 13 373 
       7.7718
** 18 0 1 12 372 
       7.5417
** 18 0 1 11 371 
       7.3116
** 18 0 1 10 370 
       7.0815
** 18 0 1 9 369 
       6.8513
** 18 0 1 8 368 
       6.6212
** 18 0 1 7 367 
       6.3910
** 18 0 1 6 366 
       6.1609
** 18 0 1 5 365 
       5.9307
** 18 0 1 4 364 
       5.7005
** 18 0 1 3 363 
       5.4703
** 18 0 1 2 362 
       5.2401
** 18 0 1 1 361 
       5.0099
** 18 0 1 0 360 
       4.7797
** 17 0 0 17 357 
       9.0819
** 17 0 0 16 356 
       8.8415
** 17 0 0 15 355 
       8.6011
** 17 0 0 14 354 
       8.3607
** 17 0 0 13 353 
       8.1203
** 17 0 0 12 352 
       7.8799
** 17 0 0 11 351 
       7.6394
** 17 0 0 10 350 
       7.3990
** 17 0 0 9 349 
       7.1585
** 17 0 0 8 348 
       6.9180
** 17 0 0 7 347 
       6.6776
** 17 0 0 6 346 
       6.4371
** 17 0 0 5 345 
       6.1966
** 17 0 0 4 344 
       5.9561
** 17 0 0 3 343 
       5.7156
** 17 0 0 2 342 
       5.4750
** 17 0 0 1 341 
       5.2345
** 17 0 0 0 340 
       4.9940
** 16 0 1 16 336 
       9.1889
** 16 0 1 15 335 
       8.9390
** 16 0 1 14 334 
       8.6892
** 16 0 1 13 333 
       8.4393
** 16 0 1 12 332 
       8.1894
** 16 0 1 11 331 
       7.9395
** 16 0 1 10 330 
       7.6896
** 16 0 1 9 329 
       7.4397
** 16 0 1 8 328 
       7.1898
** 16 0 1 7 327 
       6.9399
** 16 0 1 6 326 
       6.6900
** 16 0 1 5 325 
       6.4400
** 16 0 1 4 324 
       6.1901
** 16 0 1 3 323 
       5.9401
** 16 0 1 2 322 
       5.6901
** 16 0 1 1 321 
       5.4401
** 16 0 1 0 320 
       5.1901
** 15 0 0 15 315 
       9.2484
** 15 0 0 14 314 
       8.9899
** 15 0 0 13 313 
       8.7314
** 15 0 0 12 312 
       8.4728
** 15 0 0 11 311 
       8.2143
** 15 0 0 10 310 
       7.9557
** 15 0 0 9 309 
       7.6972
** 15 0 0 8 308 
       7.4386
** 15 0 0 7 307 
       7.1801
** 15 0 0 6 306 
       6.9215
** 15 0 0 5 305 
       6.6629
** 15 0 0 4 304 
       6.4043
** 15 0 0 3 303 
       6.1457
** 15 0 0 2 302 
       5.8870
** 15 0 0 1 301 
       5.6284
** 15 0 0 0 300 
       5.3697
** 14 0 1 14 294 
       9.2652
** 14 0 1 13 293 
       8.9987
** 14 0 1 12 292 
       8.7323
** 14 0 1 11 291 
       8.4658
** 14 0 1 10 290 
       8.1994
** 14 0 1 9 289 
       7.9329
** 14 0 1 8 288 
       7.6664
** 14 0 1 7 287 
       7.3999
** 14 0 1 6 286 
       7.1334
** 14 0 1 5 285 
       6.8669
** 14 0 1 4 284 
       6.6004
** 14 0 1 3 283 
       6.3338
** 14 0 1 2 282 
       6.0673
** 14 0 1 1 281 
       5.8007
** 14 0 1 0 280 
       5.5342
** 13 0 0 13 273 
       9.2435
** 13 0 0 12 272 
       8.9698
** 13 0 0 11 271 
       8.6961
** 13 0 0 10 270 
       8.4224
** 13 0 0 9 269 
       8.1487
** 13 0 0 8 268 
       7.8750
** 13 0 0 7 267 
       7.6012
** 13 0 0 6 266 
       7.3275
** 13 0 0 5 265 
       7.0537
** 13 0 0 4 264 
       6.7799
** 13 0 0 3 263 
       6.5061
** 13 0 0 2 262 
       6.2323
** 13 0 0 1 261 
       5.9585
** 13 0 0 0 260 
       5.6847
** 12 0 1 12 252 
       9.1873
** 12 0 1 11 251 
       8.9069
** 12 0 1 10 250 
       8.6266
** 12 0 1 9 249 
       8.3462
** 12 0 1 8 248 
       8.0659
** 12 0 1 7 247 
       7.7855
** 12 0 1 6 246 
       7.5051
** 12 0 1 5 245 
       7.2247
** 12 0 1 4 244 
       6.9443
** 12 0 1 3 243 
       6.6639
** 12 0 1 2 242 
       6.3834
** 12 0 1 1 241 
       6.1030
** 12 0 1 0 240 
       5.8225
** 11 0 0 11 231 
       9.0999
** 11 0 0 10 230 
       8.8135
** 11 0 0 9 229 
       8.5271
** 11 0 0 8 228 
       8.2407
** 11 0 0 7 227 
       7.9542
** 11 0 0 6 226 
       7.6677
** 11 0 0 5 225 
       7.3813
** 11 0 0 4 224 
       7.0948
** 11 0 0 3 223 
       6.8083
** 11 0 0 2 222 
       6.5218
** 11 0 0 1 221 
       6.2352
** 11 0 0 0 220 
       5.9487
** 10 0 1 10 210 
       8.9847
** 10 0 1 9 209 
       8.6927
** 10 0 1 8 208 
       8.4007
** 10 0 1 7 207 
       8.1087
** 10 0 1 6 206 
       7.8166
** 10 0 1 5 205 
       7.5246
** 10 0 1 4 204 
       7.2325
** 10 0 1 3 203 
       6.9405
** 10 0 1 2 202 
       6.6484
** 10 0 1 1 201 
       6.3563
** 10 0 1 0 200 
       6.0642
** 9 0 0 9 189 
       8.8443
** 9 0 0 8 188 
       8.5472
** 9 0 0 7 187 
       8.2501
** 9 0 0 6 186 
       7.9529
** 9 0 0 5 185 
       7.6558
** 9 0 0 4 184 
       7.3587
** 9 0 0 3 183 
       7.0615
** 9 0 0 2 182 
       6.7643
** 9 0 0 1 181 
       6.4672
** 9 0 0 0 180 
       6.1700
** 8 0 1 8 168 
       8.6813
** 8 0 1 7 167 
       8.3795
** 8 0 1 6 166 
       8.0777
** 8 0 1 5 165 
       7.7759
** 8 0 1 4 164 
       7.4741
** 8 0 1 3 163 
       7.1723
** 8 0 1 2 162 
       6.8705
** 8 0 1 1 161 
       6.5686
** 8 0 1 0 160 
       6.2668
** 7 0 0 7 147 
       8.4980
** 7 0 0 6 146 
       8.1920
** 7 0 0 5 145 
       7.8859
** 7 0 0 4 144 
       7.5798
** 7 0 0 3 143 
       7.2737
** 7 0 0 2 142 
       6.9676
** 7 0 0 1 141 
       6.6615
** 7 0 0 0 140 
       6.3554
** 6 0 1 6 126 
       8.2966
** 6 0 1 5 125 
       7.9866
** 6 0 1 4 124 
       7.6766
** 6 0 1 3 123 
       7.3666
** 6 0 1 2 122 
       7.0566
** 6 0 1 1 121 
       6.7466
** 6 0 1 0 120 
       6.4366
** 5 0 0 5 105 
       8.0788
** 5 0 0 4 104 
       7.7652
** 5 0 0 3 103 
       7.4516
** 5 0 0 2 102 
       7.1381
** 5 0 0 1 101 
       6.8245
** 5 0 0 0 100 
       6.5108
** 4 0 1 4 84 
       7.8728
** 4 0 1 3 83 
       7.5562
** 4 0 1 2 82 
       7.2395
** 4 0 1 1 81 
       6.9228
** 4 0 1 0 80 
       6.6061
** 3 0 0 3 63 
       7.6809
** 3 0 0 2 62 
       7.3614
** 3 0 0 1 61 
       7.0419
** 3 0 0 0 60 
       6.7223
** 2 0 1 2 42 
       7.4956
** 2 0 1 1 41 
       7.1735
** 2 0 1 0 40 
       6.8513
** 1 0 0 1 21 
       7.2153
** 1 0 0 0 20 
       6.8906
** 0 0 1 0 0 
       6.9265
------------- 1 0

     Value of States and Choice Probabilities
     ------------------------------------------------------------------------------
    Indx   I   T   A   M   t     r     f       EV      |Choice Probabilities:         
     599   1   0   1  19  29     0     0       1.183718 1.000000 0.000000
     598   1   0   1  18  29     0     0       1.153963 1.000000 0.000000
     597   1   0   1  17  29     0     0       1.124207 1.000000 0.000000
     596   1   0   1  16  29     0     0       1.094450 1.000000 0.000000
     595   1   0   1  15  29     0     0       1.064691 1.000000 0.000000
     594   1   0   1  14  29     0     0       1.034932 1.000000 0.000000
     593   1   0   1  13  29     0     0       1.005171 1.000000 0.000000
     592   1   0   1  12  29     0     0       0.975409 1.000000 0.000000
     591   1   0   1  11  29     0     0       0.945646 1.000000 0.000000
     590   1   0   1  10  29     0     0       0.915882 1.000000 0.000000
     589   1   0   1   9  29     0     0       0.886116 1.000000 0.000000
     588   1   0   1   8  29     0     0       0.856350 1.000000 0.000000
     587   1   0   1   7  29     0     0       0.826582 1.000000 0.000000
     586   1   0   1   6  29     0     0       0.796813 1.000000 0.000000
     585   1   0   1   5  29     0     0       0.767043 1.000000 0.000000
     584   1   0   1   4  29     0     0       0.737272 1.000000 0.000000
     583   1   0   1   3  29     0     0       0.707500 1.000000 0.000000
     582   1   0   1   2  29     0     0       0.677727 1.000000 0.000000
     581   1   0   1   1  29     0     0       0.647952 1.000000 0.000000
     580   1   0   1   0  29     0     0       0.618176 1.000000 0.000000
     579   1   0   1  19  28     0     0       2.267413 1.000000 0.000000
     578   1   0   1  18  28     0     0       2.210417 1.000000 0.000000
     577   1   0   1  17  28     0     0       2.153419 1.000000 0.000000
     576   1   0   1  16  28     0     0       2.096419 1.000000 0.000000
     575   1   0   1  15  28     0     0       2.039416 1.000000 0.000000
     574   1   0   1  14  28     0     0       1.982412 1.000000 0.000000
     573   1   0   1  13  28     0     0       1.925405 1.000000 0.000000
     572   1   0   1  12  28     0     0       1.868396 1.000000 0.000000
     571   1   0   1  11  28     0     0       1.811385 1.000000 0.000000
     570   1   0   1  10  28     0     0       1.754372 1.000000 0.000000
     569   1   0   1   9  28     0     0       1.697356 1.000000 0.000000
     568   1   0   1   8  28     0     0       1.640338 1.000000 0.000000
     567   1   0   1   7  28     0     0       1.583318 1.000000 0.000000
     566   1   0   1   6  28     0     0       1.526296 1.000000 0.000000
     565   1   0   1   5  28     0     0       1.469272 1.000000 0.000000
     564   1   0   1   4  28     0     0       1.412245 1.000000 0.000000
     563   1   0   1   3  28     0     0       1.355216 1.000000 0.000000
     562   1   0   1   2  28     0     0       1.298185 1.000000 0.000000
     561   1   0   1   1  28     0     0       1.241152 1.000000 0.000000
     560   1   0   1   0  28     0     0       1.184117 1.000000 0.000000
     559   1   0   1  19  27     0     0       3.259535 1.000000 0.000000
     558   1   0   1  18  27     0     0       3.177600 1.000000 0.000000
     557   1   0   1  17  27     0     0       3.095662 1.000000 0.000000
     556   1   0   1  16  27     0     0       3.013721 1.000000 0.000000
     555   1   0   1  15  27     0     0       2.931777 1.000000 0.000000
     554   1   0   1  14  27     0     0       2.849830 1.000000 0.000000
     553   1   0   1  13  27     0     0       2.767879 1.000000 0.000000
     552   1   0   1  12  27     0     0       2.685926 1.000000 0.000000
     551   1   0   1  11  27     0     0       2.603969 1.000000 0.000000
     550   1   0   1  10  27     0     0       2.522009 1.000000 0.000000
     549   1   0   1   9  27     0     0       2.440046 1.000000 0.000000
     548   1   0   1   8  27     0     0       2.358080 1.000000 0.000000
     547   1   0   1   7  27     0     0       2.276110 1.000000 0.000000
     546   1   0   1   6  27     0     0       2.194137 1.000000 0.000000
     545   1   0   1   5  27     0     0       2.112162 1.000000 0.000000
     544   1   0   1   4  27     0     0       2.030183 1.000000 0.000000
     543   1   0   1   3  27     0     0       1.948200 1.000000 0.000000
     542   1   0   1   2  27     0     0       1.866215 1.000000 0.000000
     541   1   0   1   1  27     0     0       1.784227 1.000000 0.000000
     540   1   0   1   0  27     0     0       1.702235 1.000000 0.000000
     539   1   0   1  19  26     0     0       4.167822 1.000000 0.000000
     538   1   0   1  18  26     0     0       4.063056 1.000000 0.000000
     537   1   0   1  17  26     0     0       3.958286 1.000000 0.000000
     536   1   0   1  16  26     0     0       3.853512 1.000000 0.000000
     535   1   0   1  15  26     0     0       3.748733 1.000000 0.000000
     534   1   0   1  14  26     0     0       3.643951 1.000000 0.000000
     533   1   0   1  13  26     0     0       3.539165 1.000000 0.000000
     532   1   0   1  12  26     0     0       3.434374 1.000000 0.000000
     531   1   0   1  11  26     0     0       3.329580 1.000000 0.000000
     530   1   0   1  10  26     0     0       3.224781 1.000000 0.000000
     529   1   0   1   9  26     0     0       3.119978 1.000000 0.000000
     528   1   0   1   8  26     0     0       3.015172 1.000000 0.000000
     527   1   0   1   7  26     0     0       2.910361 1.000000 0.000000
     526   1   0   1   6  26     0     0       2.805546 1.000000 0.000000
     525   1   0   1   5  26     0     0       2.700727 1.000000 0.000000
     524   1   0   1   4  26     0     0       2.595904 1.000000 0.000000
     523   1   0   1   3  26     0     0       2.491077 1.000000 0.000000
     522   1   0   1   2  26     0     0       2.386246 1.000000 0.000000
     521   1   0   1   1  26     0     0       2.281411 1.000000 0.000000
     520   1   0   1   0  26     0     0       2.176572 1.000000 0.000000
     519   1   0   1  19  25     0     0       4.999360 1.000000 0.000000
     518   1   0   1  18  25     0     0       4.873691 1.000000 0.000000
     517   1   0   1  17  25     0     0       4.748018 1.000000 0.000000
     516   1   0   1  16  25     0     0       4.622340 1.000000 0.000000
     515   1   0   1  15  25     0     0       4.496657 1.000000 0.000000
     514   1   0   1  14  25     0     0       4.370969 1.000000 0.000000
     513   1   0   1  13  25     0     0       4.245276 1.000000 0.000000
     512   1   0   1  12  25     0     0       4.119579 1.000000 0.000000
     511   1   0   1  11  25     0     0       3.993876 1.000000 0.000000
     510   1   0   1  10  25     0     0       3.868169 1.000000 0.000000
     509   1   0   1   9  25     0     0       3.742457 1.000000 0.000000
     508   1   0   1   8  25     0     0       3.616740 1.000000 0.000000
     507   1   0   1   7  25     0     0       3.491018 1.000000 0.000000
     506   1   0   1   6  25     0     0       3.365291 1.000000 0.000000
     505   1   0   1   5  25     0     0       3.239559 1.000000 0.000000
     504   1   0   1   4  25     0     0       3.113823 1.000000 0.000000
     503   1   0   1   3  25     0     0       2.988081 1.000000 0.000000
     502   1   0   1   2  25     0     0       2.862335 1.000000 0.000000
     501   1   0   1   1  25     0     0       2.736584 1.000000 0.000000
     500   1   0   1   0  25     0     0       2.610828 1.000000 0.000000
     499   1   0   1  19  24     0     0       5.760632 1.000000 0.000000
     498   1   0   1  18  24     0     0       5.615828 1.000000 0.000000
     497   1   0   1  17  24     0     0       5.471018 1.000000 0.000000
     496   1   0   1  16  24     0     0       5.326202 1.000000 0.000000
     495   1   0   1  15  24     0     0       5.181381 1.000000 0.000000
     494   1   0   1  14  24     0     0       5.036554 1.000000 0.000000
     493   1   0   1  13  24     0     0       4.891721 1.000000 0.000000
     492   1   0   1  12  24     0     0       4.746883 1.000000 0.000000
     491   1   0   1  11  24     0     0       4.602040 1.000000 0.000000
     490   1   0   1  10  24     0     0       4.457190 1.000000 0.000000
     489   1   0   1   9  24     0     0       4.312336 1.000000 0.000000
     488   1   0   1   8  24     0     0       4.167475 1.000000 0.000000
     487   1   0   1   7  24     0     0       4.022609 1.000000 0.000000
     486   1   0   1   6  24     0     0       3.877737 1.000000 0.000000
     485   1   0   1   5  24     0     0       3.732860 1.000000 0.000000
     484   1   0   1   4  24     0     0       3.587977 1.000000 0.000000
     483   1   0   1   3  24     0     0       3.443089 1.000000 0.000000
     482   1   0   1   2  24     0     0       3.298194 1.000000 0.000000
     481   1   0   1   1  24     0     0       3.153295 1.000000 0.000000
     480   1   0   1   0  24     0     0       3.008389 1.000000 0.000000
     479   1   0   1  19  23     0     0       6.457577 1.000000 0.000000
     478   1   0   1  18  23     0     0       6.295254 1.000000 0.000000
     477   1   0   1  17  23     0     0       6.132924 1.000000 0.000000
     476   1   0   1  16  23     0     0       5.970588 1.000000 0.000000
     475   1   0   1  15  23     0     0       5.808245 1.000000 0.000000
     474   1   0   1  14  23     0     0       5.645897 1.000000 0.000000
     473   1   0   1  13  23     0     0       5.483542 1.000000 0.000000
     472   1   0   1  12  23     0     0       5.321181 1.000000 0.000000
     471   1   0   1  11  23     0     0       5.158813 1.000000 0.000000
     470   1   0   1  10  23     0     0       4.996440 1.000000 0.000000
     469   1   0   1   9  23     0     0       4.834060 1.000000 0.000000
     468   1   0   1   8  23     0     0       4.671673 1.000000 0.000000
     467   1   0   1   7  23     0     0       4.509281 1.000000 0.000000
     466   1   0   1   6  23     0     0       4.346882 1.000000 0.000000
     465   1   0   1   5  23     0     0       4.184477 1.000000 0.000000
     464   1   0   1   4  23     0     0       4.022065 1.000000 0.000000
     463   1   0   1   3  23     0     0       3.859648 1.000000 0.000000
     462   1   0   1   2  23     0     0       3.697224 1.000000 0.000000
     461   1   0   1   1  23     0     0       3.534793 1.000000 0.000000
     460   1   0   1   0  23     0     0       3.372357 1.000000 0.000000
     459   1   0   1  19  22     0     0       7.095630 1.000000 0.000000
     458   1   0   1  18  22     0     0       6.917268 1.000000 0.000000
     457   1   0   1  17  22     0     0       6.738899 1.000000 0.000000
     456   1   0   1  16  22     0     0       6.560523 1.000000 0.000000
     455   1   0   1  15  22     0     0       6.382140 1.000000 0.000000
     454   1   0   1  14  22     0     0       6.203750 1.000000 0.000000
     453   1   0   1  13  22     0     0       6.025354 1.000000 0.000000
     452   1   0   1  12  22     0     0       5.846950 1.000000 0.000000
     451   1   0   1  11  22     0     0       5.668540 1.000000 0.000000
     450   1   0   1  10  22     0     0       5.490122 1.000000 0.000000
     449   1   0   1   9  22     0     0       5.311698 1.000000 0.000000
     448   1   0   1   8  22     0     0       5.133267 1.000000 0.000000
     447   1   0   1   7  22     0     0       4.954829 1.000000 0.000000
     446   1   0   1   6  22     0     0       4.776384 1.000000 0.000000
     445   1   0   1   5  22     0     0       4.597932 1.000000 0.000000
     444   1   0   1   4  22     0     0       4.419473 1.000000 0.000000
     443   1   0   1   3  22     0     0       4.241007 1.000000 0.000000
     442   1   0   1   2  22     0     0       4.062535 1.000000 0.000000
     441   1   0   1   1  22     0     0       3.884055 1.000000 0.000000
     440   1   0   1   0  22     0     0       3.705569 1.000000 0.000000
     439   1   0   1  19  21     0     0       7.679768 1.000000 0.000000
     438   1   0   1  18  21     0     0       7.486722 1.000000 0.000000
     437   1   0   1  17  21     0     0       7.293669 1.000000 0.000000
     436   1   0   1  16  21     0     0       7.100609 1.000000 0.000000
     435   1   0   1  15  21     0     0       6.907541 1.000000 0.000000
     434   1   0   1  14  21     0     0       6.714465 1.000000 0.000000
     433   1   0   1  13  21     0     0       6.521382 1.000000 0.000000
     432   1   0   1  12  21     0     0       6.328292 1.000000 0.000000
     431   1   0   1  11  21     0     0       6.135194 1.000000 0.000000
     430   1   0   1  10  21     0     0       5.942089 1.000000 0.000000
     429   1   0   1   9  21     0     0       5.748976 1.000000 0.000000
     428   1   0   1   8  21     0     0       5.555856 1.000000 0.000000
     427   1   0   1   7  21     0     0       5.362728 1.000000 0.000000
     426   1   0   1   6  21     0     0       5.169593 1.000000 0.000000
     425   1   0   1   5  21     0     0       4.976450 1.000000 0.000000
     424   1   0   1   4  21     0     0       4.783300 1.000000 0.000000
     423   1   0   1   3  21     0     0       4.590142 1.000000 0.000000
     422   1   0   1   2  21     0     0       4.396977 1.000000 0.000000
     421   1   0   1   1  21     0     0       4.203804 1.000000 0.000000
     420   1   0   1   0  21     0     0       4.010624 1.000000 0.000000
     419   1   0   1  19  20     0     0       8.214546 1.000000 0.000000
     418   1   0   1  18  20     0     0       8.008058 1.000000 0.000000
     417   1   0   1  17  20     0     0       7.801561 1.000000 0.000000
     416   1   0   1  16  20     0     0       7.595057 1.000000 0.000000
     415   1   0   1  15  20     0     0       7.388545 1.000000 0.000000
     414   1   0   1  14  20     0     0       7.182025 1.000000 0.000000
     413   1   0   1  13  20     0     0       6.975497 1.000000 0.000000
     412   1   0   1  12  20     0     0       6.768960 1.000000 0.000000
     411   1   0   1  11  20     0     0       6.562416 1.000000 0.000000
     410   1   0   1  10  20     0     0       6.355864 1.000000 0.000000
     409   1   0   1   9  20     0     0       6.149304 1.000000 0.000000
     408   1   0   1   8  20     0     0       5.942736 1.000000 0.000000
     407   1   0   1   7  20     0     0       5.736160 1.000000 0.000000
     406   1   0   1   6  20     0     0       5.529576 1.000000 0.000000
     405   1   0   1   5  20     0     0       5.322983 1.000000 0.000000
     404   1   0   1   4  20     0     0       5.116383 1.000000 0.000000
     403   1   0   1   3  20     0     0       4.909775 1.000000 0.000000
     402   1   0   1   2  20     0     0       4.703159 1.000000 0.000000
     401   1   0   1   1  20     0     0       4.496535 1.000000 0.000000
     400   1   0   1   0  20     0     0       4.289903 1.000000 0.000000
     399   1   0   0  19  19     0     0       8.704135 0.891498 0.108502
     398   1   0   0  18  19     0     0       8.485340 0.862663 0.137337
     397   1   0   0  17  19     0     0       8.266537 0.862477 0.137523
     396   1   0   0  16  19     0     0       8.047725 0.862290 0.137710
     395   1   0   0  15  19     0     0       7.828904 0.862104 0.137896
     394   1   0   0  14  19     0     0       7.610075 0.861917 0.138083
     393   1   0   0  13  19     0     0       7.391238 0.861730 0.138270
     392   1   0   0  12  19     0     0       7.172392 0.861543 0.138457
     391   1   0   0  11  19     0     0       6.953538 0.861355 0.138645
     390   1   0   0  10  19     0     0       6.734675 0.861168 0.138832
     389   1   0   0   9  19     0     0       6.515804 0.860980 0.139020
     388   1   0   0   8  19     0     0       6.296925 0.860792 0.139208
     387   1   0   0   7  19     0     0       6.078036 0.860604 0.139396
     386   1   0   0   6  19     0     0       5.859140 0.860415 0.139585
     385   1   0   0   5  19     0     0       5.640235 0.860227 0.139773
     384   1   0   0   4  19     0     0       5.421321 0.860038 0.139962
     383   1   0   0   3  19     0     0       5.202399 0.859849 0.140151
     382   1   0   0   2  19     0     0       4.983469 0.859659 0.140341
     381   1   0   0   1  19     0     0       4.764530 0.859470 0.140530
     380   1   0   0   0  19     0     0       4.545582 0.859280 0.140720
     378   1   0   0  18  18     0     0       8.922292 0.837513 0.162487
     377   1   0   0  17  18     0     0       8.692221 0.837318 0.162682
     376   1   0   0  16  18     0     0       8.462142 0.837122 0.162878
     375   1   0   0  15  18     0     0       8.232053 0.836926 0.163074
     374   1   0   0  14  18     0     0       8.001956 0.836730 0.163270
     373   1   0   0  13  18     0     0       7.771850 0.836534 0.163466
     372   1   0   0  12  18     0     0       7.541734 0.836338 0.163662
     371   1   0   0  11  18     0     0       7.311610 0.836141 0.163859
     370   1   0   0  10  18     0     0       7.081477 0.835944 0.164056
     369   1   0   0   9  18     0     0       6.851335 0.835747 0.164253
     368   1   0   0   8  18     0     0       6.621184 0.835550 0.164450
     367   1   0   0   7  18     0     0       6.391025 0.835353 0.164647
     366   1   0   0   6  18     0     0       6.160856 0.835155 0.164845
     365   1   0   0   5  18     0     0       5.930678 0.834957 0.165043
     364   1   0   0   4  18     0     0       5.700492 0.834759 0.165241
     363   1   0   0   3  18     0     0       5.470296 0.834561 0.165439
     362   1   0   0   2  18     0     0       5.240092 0.834363 0.165637
     361   1   0   0   1  18     0     0       5.009879 0.834164 0.165836
     360   1   0   0   0  18     0     0       4.779657 0.833965 0.166035
     357   1   0   0  17  17     0     0       9.081936 0.810243 0.189757
     356   1   0   0  16  17     0     0       8.841541 0.810041 0.189959
     355   1   0   0  15  17     0     0       8.601136 0.809840 0.190160
     354   1   0   0  14  17     0     0       8.360722 0.809638 0.190362
     353   1   0   0  13  17     0     0       8.120299 0.809437 0.190563
     352   1   0   0  12  17     0     0       7.879867 0.809235 0.190765
     351   1   0   0  11  17     0     0       7.639425 0.809033 0.190967
     350   1   0   0  10  17     0     0       7.398974 0.808830 0.191170
     349   1   0   0   9  17     0     0       7.158514 0.808628 0.191372
     348   1   0   0   8  17     0     0       6.918044 0.808425 0.191575
     347   1   0   0   7  17     0     0       6.677565 0.808222 0.191778
     346   1   0   0   6  17     0     0       6.437077 0.808020 0.191980
     345   1   0   0   5  17     0     0       6.196579 0.807816 0.192184
     344   1   0   0   4  17     0     0       5.956073 0.807613 0.192387
     343   1   0   0   3  17     0     0       5.715556 0.807410 0.192590
     342   1   0   0   2  17     0     0       5.475031 0.807206 0.192794
     341   1   0   0   1  17     0     0       5.234496 0.807002 0.192998
     340   1   0   0   0  17     0     0       4.993952 0.806798 0.193202
     336   1   0   0  16  16     0     0       9.188880 0.781471 0.218529
     335   1   0   0  15  16     0     0       8.939032 0.781268 0.218732
     334   1   0   0  14  16     0     0       8.689173 0.781064 0.218936
     333   1   0   0  13  16     0     0       8.439305 0.780861 0.219139
     332   1   0   0  12  16     0     0       8.189427 0.780658 0.219342
     331   1   0   0  11  16     0     0       7.939540 0.780454 0.219546
     330   1   0   0  10  16     0     0       7.689643 0.780250 0.219750
     329   1   0   0   9  16     0     0       7.439736 0.780047 0.219953
     328   1   0   0   8  16     0     0       7.189819 0.779843 0.220157
     327   1   0   0   7  16     0     0       6.939893 0.779638 0.220362
     326   1   0   0   6  16     0     0       6.689957 0.779434 0.220566
     325   1   0   0   5  16     0     0       6.440012 0.779230 0.220770
     324   1   0   0   4  16     0     0       6.190057 0.779025 0.220975
     323   1   0   0   3  16     0     0       5.940092 0.778821 0.221179
     322   1   0   0   2  16     0     0       5.690117 0.778616 0.221384
     321   1   0   0   1  16     0     0       5.440133 0.778411 0.221589
     320   1   0   0   0  16     0     0       5.190139 0.778206 0.221794
     315   1   0   0  15  15     0     0       9.248375 0.751705 0.248295
     314   1   0   0  14  15     0     0       8.989870 0.751504 0.248496
     313   1   0   0  13  15     0     0       8.731355 0.751303 0.248697
     312   1   0   0  12  15     0     0       8.472830 0.751102 0.248898
     311   1   0   0  11  15     0     0       8.214295 0.750901 0.249099
     310   1   0   0  10  15     0     0       7.955750 0.750700 0.249300
     309   1   0   0   9  15     0     0       7.697195 0.750499 0.249501
     308   1   0   0   8  15     0     0       7.438630 0.750297 0.249703
     307   1   0   0   7  15     0     0       7.180054 0.750096 0.249904
     306   1   0   0   6  15     0     0       6.921469 0.749894 0.250106
     305   1   0   0   5  15     0     0       6.662874 0.749692 0.250308
     304   1   0   0   4  15     0     0       6.404269 0.749490 0.250510
     303   1   0   0   3  15     0     0       6.145654 0.749289 0.250711
     302   1   0   0   2  15     0     0       5.887029 0.749087 0.250913
     301   1   0   0   1  15     0     0       5.628394 0.748884 0.251116
     300   1   0   0   0  15     0     0       5.369749 0.748682 0.251318
     294   1   0   0  14  14     0     0       9.265158 0.721492 0.278508
     293   1   0   0  13  14     0     0       8.998726 0.721297 0.278703
     292   1   0   0  12  14     0     0       8.732285 0.721102 0.278898
     291   1   0   0  11  14     0     0       8.465833 0.720907 0.279093
     290   1   0   0  10  14     0     0       8.199371 0.720712 0.279288
     289   1   0   0   9  14     0     0       7.932898 0.720517 0.279483
     288   1   0   0   8  14     0     0       7.666415 0.720322 0.279678
     287   1   0   0   7  14     0     0       7.399922 0.720127 0.279873
     286   1   0   0   6  14     0     0       7.133419 0.719931 0.280069
     285   1   0   0   5  14     0     0       6.866905 0.719736 0.280264
     284   1   0   0   4  14     0     0       6.600381 0.719541 0.280459
     283   1   0   0   3  14     0     0       6.333846 0.719345 0.280655
     282   1   0   0   2  14     0     0       6.067302 0.719149 0.280851
     281   1   0   0   1  14     0     0       5.800746 0.718954 0.281046
     280   1   0   0   0  14     0     0       5.534181 0.718758 0.281242
     273   1   0   0  13  13     0     0       9.243505 0.691383 0.308617
     272   1   0   0  12  13     0     0       8.969816 0.691198 0.308802
     271   1   0   0  11  13     0     0       8.696116 0.691012 0.308988
     270   1   0   0  10  13     0     0       8.422406 0.690827 0.309173
     269   1   0   0   9  13     0     0       8.148685 0.690641 0.309359
     268   1   0   0   8  13     0     0       7.874953 0.690455 0.309545
     267   1   0   0   7  13     0     0       7.601211 0.690269 0.309731
     266   1   0   0   6  13     0     0       7.327458 0.690083 0.309917
     265   1   0   0   5  13     0     0       7.053695 0.689897 0.310103
     264   1   0   0   4  13     0     0       6.779921 0.689711 0.310289
     263   1   0   0   3  13     0     0       6.506136 0.689525 0.310475
     262   1   0   0   2  13     0     0       6.232341 0.689339 0.310661
     261   1   0   0   1  13     0     0       5.958535 0.689153 0.310847
     260   1   0   0   0  13     0     0       5.684719 0.688966 0.311034
     252   1   0   0  12  12     0     0       9.187276 0.661904 0.338096
     251   1   0   0  11  12     0     0       8.906940 0.661730 0.338270
     250   1   0   0  10  12     0     0       8.626594 0.661556 0.338444
     249   1   0   0   9  12     0     0       8.346237 0.661382 0.338618
     248   1   0   0   8  12     0     0       8.065869 0.661208 0.338792
     247   1   0   0   7  12     0     0       7.785491 0.661034 0.338966
     246   1   0   0   6  12     0     0       7.505101 0.660860 0.339140
     245   1   0   0   5  12     0     0       7.224701 0.660685 0.339315
     244   1   0   0   4  12     0     0       6.944290 0.660511 0.339489
     243   1   0   0   3  12     0     0       6.663868 0.660337 0.339663
     242   1   0   0   2  12     0     0       6.383435 0.660162 0.339838
     241   1   0   0   1  12     0     0       6.102991 0.659988 0.340012
     240   1   0   0   0  12     0     0       5.822536 0.659814 0.340186
     231   1   0   0  11  11     0     0       9.099950 0.633524 0.366476
     230   1   0   0  10  11     0     0       8.813529 0.633363 0.366637
     229   1   0   0   9  11     0     0       8.527097 0.633203 0.366797
     228   1   0   0   8  11     0     0       8.240653 0.633042 0.366958
     227   1   0   0   7  11     0     0       7.954199 0.632881 0.367119
     226   1   0   0   6  11     0     0       7.667734 0.632720 0.367280
     225   1   0   0   5  11     0     0       7.381257 0.632560 0.367440
     224   1   0   0   4  11     0     0       7.094770 0.632399 0.367601
     223   1   0   0   3  11     0     0       6.808271 0.632238 0.367762
     222   1   0   0   2  11     0     0       6.521761 0.632077 0.367923
     221   1   0   0   1  11     0     0       6.235240 0.631916 0.368084
     220   1   0   0   0  11     0     0       5.948708 0.631755 0.368245
     210   1   0   0  10  10     0     0       8.984667 0.606645 0.393355
     209   1   0   0   9  10     0     0       8.692673 0.606498 0.393502
     208   1   0   0   8  10     0     0       8.400668 0.606352 0.393648
     207   1   0   0   7  10     0     0       8.108651 0.606205 0.393795
     206   1   0   0   6  10     0     0       7.816624 0.606059 0.393941
     205   1   0   0   5  10     0     0       7.524584 0.605913 0.394087
     204   1   0   0   4  10     0     0       7.232534 0.605766 0.394234
     203   1   0   0   3  10     0     0       6.940472 0.605620 0.394380
     202   1   0   0   2  10     0     0       6.648399 0.605473 0.394527
     201   1   0   0   1  10     0     0       6.356314 0.605327 0.394673
     200   1   0   0   0  10     0     0       6.064219 0.605180 0.394820
     189   1   0   0   9   9     0     0       8.844259 0.581590 0.418410
     188   1   0   0   8   9     0     0       8.547162 0.581458 0.418542
     187   1   0   0   7   9     0     0       8.250053 0.581326 0.418674
     186   1   0   0   6   9     0     0       7.952932 0.581194 0.418806
     185   1   0   0   5   9     0     0       7.655800 0.581062 0.418938
     184   1   0   0   4   9     0     0       7.358657 0.580930 0.419070
     183   1   0   0   3   9     0     0       7.061502 0.580799 0.419201
     182   1   0   0   2   9     0     0       6.764336 0.580667 0.419333
     181   1   0   0   1   9     0     0       6.467158 0.580535 0.419465
     180   1   0   0   0   9     0     0       6.169968 0.580403 0.419597
     168   1   0   0   8   8     0     0       8.681276 0.558607 0.441393
     167   1   0   0   7   8     0     0       8.379505 0.558489 0.441511
     166   1   0   0   6   8     0     0       8.077723 0.558371 0.441629
     165   1   0   0   5   8     0     0       7.775929 0.558254 0.441746
     164   1   0   0   4   8     0     0       7.474123 0.558136 0.441864
     163   1   0   0   3   8     0     0       7.172305 0.558018 0.441982
     162   1   0   0   2   8     0     0       6.870476 0.557900 0.442100
     161   1   0   0   1   8     0     0       6.568635 0.557783 0.442217
     160   1   0   0   0   8     0     0       6.266782 0.557665 0.442335
     147   1   0   0   7   7     0     0       8.498019 0.537871 0.462129
     146   1   0   0   6   7     0     0       8.191969 0.537767 0.462233
     145   1   0   0   5   7     0     0       7.885906 0.537662 0.462338
     144   1   0   0   4   7     0     0       7.579832 0.537558 0.462442
     143   1   0   0   3   7     0     0       7.273745 0.537454 0.462546
     142   1   0   0   2   7     0     0       6.967647 0.537349 0.462651
     141   1   0   0   1   7     0     0       6.661537 0.537245 0.462755
     140   1   0   0   0   7     0     0       6.355415 0.537140 0.462860
     126   1   0   0   6   6     0     0       8.296561 0.519498 0.480502
     125   1   0   0   5   6     0     0       7.986590 0.519406 0.480594
     124   1   0   0   4   6     0     0       7.676608 0.519314 0.480686
     123   1   0   0   3   6     0     0       7.366614 0.519222 0.480778
     122   1   0   0   2   6     0     0       7.056608 0.519129 0.480871
     121   1   0   0   1   6     0     0       6.746589 0.519037 0.480963
     120   1   0   0   0   6     0     0       6.436559 0.518945 0.481055
     105   1   0   0   5   5     0     0       8.078767 0.503554 0.496446
     104   1   0   0   4   5     0     0       7.765207 0.503473 0.496527
     103   1   0   0   3   5     0     0       7.451635 0.503391 0.496609
     102   1   0   0   2   5     0     0       7.138051 0.503310 0.496690
     101   1   0   0   1   5     0     0       6.824454 0.503228 0.496772
     100   1   0   0   0   5     0     0       6.510846 0.503147 0.496853
      84   1   0   0   4   4     0     0       7.872806 0.490069 0.509931
      83   1   0   0   3   4     0     0       7.556152 0.489996 0.510004
      82   1   0   0   2   4     0     0       7.239485 0.489924 0.510076
      81   1   0   0   1   4     0     0       6.922806 0.489852 0.510148
      80   1   0   0   0   4     0     0       6.606115 0.489779 0.510221
      63   1   0   0   3   3     0     0       7.680903 0.479108 0.520892
      62   1   0   0   2   3     0     0       7.361394 0.479043 0.520957
      61   1   0   0   1   3     0     0       7.041873 0.478978 0.521022
      60   1   0   0   0   3     0     0       6.722340 0.478913 0.521087
      42   1   0   0   2   2     0     0       7.495614 0.470585 0.529415
      41   1   0   0   1   2     0     0       7.173477 0.470525 0.529475
      40   1   0   0   0   2     0     0       6.851327 0.470466 0.529534
      21   1   0   0   1   1     0     0       7.215270 0.625524 0.374476
      20   1   0   0   0   1     0     0       6.890566 0.625357 0.374643
       0   1   0   0   0   0     0     0       6.926489 0.837437 0.162563
     ------------------------------------------------------------------------------

            f            t        birth            M
      0.00000      0.00000      0.16256      0.00000
      0.00000       1.0000      0.37462      0.15307
      0.00000       2.0000      0.52950      0.50580
      0.00000       3.0000      0.52102       1.0044
      0.00000       4.0000      0.51011       1.4950
      0.00000       5.0000      0.49669       1.9753
      0.00000       6.0000      0.48083       2.4430
      0.00000       7.0000      0.46256       2.8957
      0.00000       8.0000      0.44194       3.3312
      0.00000       9.0000      0.41910       3.7474
      0.00000       10.000      0.39421       4.1420
      0.00000       11.000      0.36752       4.5132
      0.00000       12.000      0.33934       4.8592
      0.00000       13.000      0.31007       5.1787
      0.00000       14.000      0.28017       5.4707
      0.00000       15.000      0.25016       5.7345
      0.00000       16.000      0.22057       5.9700
      0.00000       17.000      0.19194       6.1777
      0.00000       18.000      0.16477       6.3585
      0.00000       19.000      0.13949       6.5136
